query_id    doc_id  rel rappel  precision
3990512	3265991_12	2		
3990512	2036065_1	2		
3990512	248974_2	1		
3990512	1772359_2	2		
3990512	3579785_0	2		
3990512	3149758_0	1		
3990512	1949736_5	1		
3990512	3974525_0	2		
3990512	4087614_7	3	0.09090909090909091	0.1111111111111111
3990512	3656872_7	1		
3990512	1173778_3	2		
3990512	1949736_1	1		
3990512	3154563_3	3	0.18181818181818182	0.15384615384615385
3990512	311770_2	3	0.2727272727272727	0.21428571428571427
3990512	667270_1	3	0.36363636363636365	0.26666666666666666
3990512	1860702_0	1		
3990512	3916430_1	2		
3990512	1900286_7	3	0.45454545454545453	0.2777777777777778
3990512	1182425_0	1		
3990512	3749223_0	1		
3990512	4359089_0	2		
3990512	1173778_0	2		
3990512	3270641_1	4	0.5454545454545454	0.2608695652173913
3990512	3990512_1	4	0.6363636363636364	0.2916666666666667
3990512	3538410_2	1		
3990512	4452969_1	1		
3990512	3253458_0	1		
3990512	3980621_2	4	0.7272727272727273	0.2857142857142857
3990512	55529_0	1		
3990512	332116_1	4	0.8181818181818182	0.3
714612	714612_7	4	0.09090909090909091	1.0
714612	714612_0	4	0.18181818181818182	1.0
714612	2781942_4	4	0.2727272727272727	1.0
714612	3069999_1	2		
714612	72439_7	1		
714612	790907_2	3	0.36363636363636365	0.6666666666666666
714612	839374_0	1		
714612	714612_1	4	0.45454545454545453	0.625
714612	1802263_3	1		
714612	1664423_2	1		
714612	2643507_20	1		
714612	714612_9	2		
714612	3800929_1	2		
714612	2188695_4	2		
714612	2781942_0	4	0.5454545454545454	0.4
714612	2380990_9	1		
714612	1369513_9	4	0.6363636363636364	0.4117647058823529
714612	2188695_6	2		
714612	2182052_0	1		
714612	3869822_1	1		
714612	714612_6	2		
714612	3883886_0	1		
714612	4348323_0	1		
714612	3506428_3	1		
714612	1375616_4	1		
714612	2778901_0	1		
714612	1224652_3	1		
714612	3838916_1	1		
714612	714612_2	2		
714612	2175420_5	1		
2528767	2167806_1	3	0.0625	1.0
2528767	2528767_0	4	0.125	1.0
2528767	309724_0	3	0.1875	1.0
2528767	2528767_1	4	0.25	1.0
2528767	4115041_3	4	0.3125	1.0
2528767	3395908_2	4	0.375	1.0
2528767	1654158_1	2		
2528767	2528767_2	4	0.4375	0.875
2528767	2528767_4	4	0.5	0.8888888888888888
2528767	2505332_4	1		
2528767	198085_5	4	0.5625	0.8181818181818182
2528767	198085_4	4	0.625	0.8333333333333334
2528767	2528767_3	4	0.6875	0.8461538461538461
2528767	4303090_0	2		
2528767	1477322_4	1		
2528767	1972970_6	1		
2528767	2646082_0	3	0.75	0.7058823529411765
2528767	3883886_0	2		
2528767	4018891_37	1		
2528767	3676402_1	2		
2528767	2528767_5	4	0.8125	0.6190476190476191
2528767	2142044_1	1		
2528767	823874_7	2		
2528767	1262692_3	1		
2528767	949154_16	1		
2528767	568025_0	1		
2528767	1152934_6	1		
2528767	3801669_0	1		
2528767	949154_6	1		
2528767	42020_0	1		
821387	1082990_5	2		
821387	99035_15	1		
821387	1239473_4	2		
821387	3555026_11	1		
821387	2560941_7	1		
821387	919065_1	1		
821387	3062044_6	2		
821387	821387_7	2		
821387	1308055_11	1		
821387	922849_8	1		
821387	2923156_4	1		
821387	885617_2	1		
821387	199158_5	1		
821387	3867844_17	1		
821387	1588055_4	1		
821387	2627795_2	1		
821387	916432_0	4	0.05	0.058823529411764705
821387	968827_6	1		
821387	3152320_20	1		
821387	1673450_2	1		
821387	821387_6	4	0.1	0.09523809523809523
821387	866587_0	1		
821387	3884207_1	2		
821387	1115338_0	1		
821387	2068003_5	4	0.15	0.12
821387	2843594_2	1		
821387	1496019_1	1		
821387	821387_14	3	0.2	0.14285714285714285
821387	821387_3	4	0.25	0.1724137931034483
821387	821387_18	2		
1880028	4145479_2	2		
1880028	2266582_1	1		
1880028	2776567_3	2		
1880028	1426716_0	2		
1880028	2546325_4	2		
1880028	1880028_0	4	0.16666666666666666	0.16666666666666666
1880028	4044842_5	2		
1880028	2546325_0	3	0.3333333333333333	0.25
1880028	2881224_6	2		
1880028	332150_1	1		
1880028	1784939_7	1		
1880028	1426716_3	2		
1880028	1880028_3	4	0.5	0.23076923076923078
1880028	1922877_8	1		
1880028	2146313_11	1		
1880028	2674232_1	1		
1880028	4044842_6	2		
1880028	1689492_7	2		
1880028	3652788_0	2		
1880028	4145479_0	2		
1880028	3399136_3	1		
1880028	1110438_2	1		
1880028	751_6	1		
1880028	1190721_1	4	0.6666666666666666	0.16666666666666666
1880028	845140_9	2		
1880028	4044842_3	2		
1880028	3873627_0	1		
1880028	3053321_0	2		
1880028	552511_4	1		
1880028	1162060_8	1		
4448097	4448097_1	4	0.1111111111111111	1.0
4448097	2240812_3	1		
4448097	3788627_0	1		
4448097	111526_5	3	0.2222222222222222	0.5
4448097	4448097_0	4	0.3333333333333333	0.6
4448097	849485_9	1		
4448097	2235643_5	1		
4448097	1036735_0	2		
4448097	338389_15	1		
4448097	4007949_10	2		
4448097	3511361_10	1		
4448097	4116278_3	2		
4448097	1883395_5	1		
4448097	1642380_26	1		
4448097	2977838_10	2		
4448097	1897011_0	1		
4448097	445880_0	1		
4448097	1897011_1	2		
4448097	3376143_2	3	0.4444444444444444	0.21052631578947367
4448097	2309072_2	3	0.5555555555555556	0.25
4448097	1166941_1	1		
4448097	3593337_1	1		
4448097	1814059_0	1		
4448097	2855289_1	1		
4448097	3025260_1	1		
4448097	993930_4	1		
4448097	993930_6	1		
4448097	3154825_1	1		
4448097	3911772_2	1		
4448097	3264099_4	1		
1287437	3339223_8	2		
1287437	150749_3	2		
1287437	1287437_0	4	0.07692307692307693	0.3333333333333333
1287437	956682_14	2		
1287437	3777714_2	2		
1287437	925163_0	2		
1287437	843022_8	3	0.15384615384615385	0.2857142857142857
1287437	2489233_8	4	0.23076923076923078	0.375
1287437	4337286_0	3	0.3076923076923077	0.4444444444444444
1287437	3498093_1	2		
1287437	1761427_5	1		
1287437	598425_4	1		
1287437	1402930_0	4	0.38461538461538464	0.38461538461538464
1287437	4223149_5	2		
1287437	3596739_6	2		
1287437	2604_2	1		
1287437	3777714_0	1		
1287437	956682_15	4	0.46153846153846156	0.3333333333333333
1287437	973859_3	1		
1287437	3777714_1	2		
1287437	896725_8	1		
1287437	3596739_2	4	0.5384615384615384	0.3181818181818182
1287437	956682_10	3	0.6153846153846154	0.34782608695652173
1287437	1302416_4	1		
1287437	1199639_10	1		
1287437	1302416_0	2		
1287437	2787104_2	1		
1287437	3451437_0	1		
1287437	2290758_0	1		
1287437	3863389_5	1		
2956570	186445_0	1		
2956570	550933_7	1		
2956570	3766945_0	2		
2956570	2956570_0	4	0.125	0.25
2956570	954746_1	1		
2956570	2956570_5	3	0.25	0.3333333333333333
2956570	2956570_6	3	0.375	0.42857142857142855
2956570	4066758_22	1		
2956570	2519825_4	2		
2956570	3538973_2	3	0.5	0.4
2956570	948766_0	1		
2956570	3909432_13	1		
2956570	3970933_3	1		
2956570	3538973_0	2		
2956570	3538973_1	1		
2956570	4443815_9	1		
2956570	2956570_3	3	0.625	0.29411764705882354
2956570	190463_0	1		
2956570	2184493_0	1		
2956570	1690271_1	2		
2956570	1864386_3	1		
2956570	499974_94	1		
2956570	2956570_4	3	0.75	0.2608695652173913
2956570	2519825_11	1		
2956570	2061424_6	1		
2956570	2018562_5	1		
2956570	2539741_5	1		
2956570	2628801_1	3	0.875	0.25
2956570	4185501_12	1		
2956570	2796298_0	1		
1351675	1062527_5	1		
1351675	3091603_2	2		
1351675	3767210_5	1		
1351675	449814_30	3	0.2	0.25
1351675	429066_5	1		
1351675	4149121_2	2		
1351675	2250327_3	1		
1351675	4301872_3	2		
1351675	1220420_0	2		
1351675	1791276_11	2		
1351675	975675_3	1		
1351675	3902668_1	1		
1351675	1792352_1	3	0.4	0.15384615384615385
1351675	2895212_1	1		
1351675	2720201_4	1		
1351675	2680043_1	1		
1351675	746975_2	1		
1351675	456343_1	1		
1351675	1847289_1	1		
1351675	4216780_4	1		
1351675	1880300_3	1		
1351675	4209320_0	1		
1351675	4357460_14	1		
1351675	997038_3	1		
1351675	1835434_6	1		
1351675	20376_10	1		
1351675	4406669_4	1		
1351675	1345608_1	1		
1351675	3559048_10	1		
1351675	2865988_0	2		
1783010	1783010_6	1		
1783010	1166941_1	1		
1783010	3593337_1	1		
1783010	1814059_0	1		
1783010	2855289_1	1		
1783010	3025260_1	1		
1783010	993930_4	1		
1783010	993930_6	1		
1783010	3154825_1	1		
1783010	3911772_2	1		
1783010	3264099_4	1		
1783010	1189138_4	1		
1783010	3087730_3	1		
1783010	2854662_2	1		
1783010	550353_0	1		
1783010	1351675_0	1		
1783010	1351675_1	1		
1783010	1351675_2	1		
1783010	1351675_3	1		
1783010	1888463_0	1		
1783010	641980_0	1		
1783010	641980_3	1		
1783010	4216080_1	1		
1783010	3226524_5	1		
1783010	3074426_2	1		
1783010	2143798_0	1		
1783010	1881985_0	1		
1783010	4047045_0	1		
1783010	122136_0	1		
1783010	1443498_0	1		
2799913	267071_17	2		
2799913	1715937_5	3	0.0625	0.5
2799913	1584386_1	3	0.125	0.6666666666666666
2799913	843027_0	2		
2799913	24637_5	1		
2799913	3377816_9	1		
2799913	922849_22	1		
2799913	2834121_0	3	0.1875	0.375
2799913	2150043_6	2		
2799913	868944_11	1		
2799913	558309_22	2		
2799913	247042_4	2		
2799913	4361653_7	4	0.25	0.3076923076923077
2799913	2245816_2	4	0.3125	0.35714285714285715
2799913	2893666_8	2		
2799913	1373069_7	1		
2799913	1477322_4	1		
2799913	2834121_1	2		
2799913	350270_1	1		
2799913	2286595_1	4	0.375	0.3
2799913	3698636_3	1		
2799913	250848_9	1		
2799913	821387_20	1		
2799913	3874326_0	1		
2799913	843631_3	1		
2799913	2026361_1	1		
2799913	919065_1	1		
2799913	762066_5	1		
2799913	1926712_3	1		
2799913	2126572_1	1		
2142044	1466730_10	1		
2142044	776235_11	2		
2142044	811091_0	2		
2142044	788976_8	1		
2142044	4312176_7	2		
2142044	418085_1	1		
2142044	2310879_1	1		
2142044	668613_5	3	0.14285714285714285	0.125
2142044	1466730_1	2		
2142044	2159677_1	1		
2142044	2698227_3	1		
2142044	4344424_2	1		
2142044	2294159_1	2		
2142044	2170642_5	1		
2142044	3507491_14	1		
2142044	4367654_4	1		
2142044	1351675_1	1		
2142044	4231010_6	1		
2142044	418085_0	1		
2142044	4088247_0	1		
2142044	4190287_4	1		
2142044	788976_10	1		
2142044	3137439_4	1		
2142044	3169320_1	1		
2142044	3472762_2	1		
2142044	1860183_4	1		
2142044	3979971_8	1		
2142044	2142044_0	4	0.2857142857142857	0.07142857142857142
2142044	1977915_12	1		
2142044	3885414_7	1		
707303	2176089_0	2		
707303	829519_10	3	0.047619047619047616	0.5
707303	707303_2	3	0.09523809523809523	0.6666666666666666
707303	1673450_4	3	0.14285714285714285	0.75
707303	707303_4	3	0.19047619047619047	0.8
707303	1948910_22	3	0.23809523809523808	0.8333333333333334
707303	595324_10	3	0.2857142857142857	0.8571428571428571
707303	1257519_4	4	0.3333333333333333	0.875
707303	728215_2	2		
707303	76436_3	1		
707303	922849_22	1		
707303	3288199_0	4	0.38095238095238093	0.6666666666666666
707303	1473540_1	1		
707303	866250_0	3	0.42857142857142855	0.6428571428571429
707303	2473920_0	1		
707303	250848_9	1		
707303	1402231_0	1		
707303	3025319_14	2		
707303	317089_12	3	0.47619047619047616	0.5263157894736842
707303	1878166_4	3	0.5238095238095238	0.55
707303	3077125_2	4	0.5714285714285714	0.5714285714285714
707303	1519022_3	1		
707303	2145892_14	1		
707303	2041367_0	1		
707303	2446614_6	1		
707303	3554263_2	1		
707303	3016922_10	3	0.6190476190476191	0.48148148148148145
707303	3594006_2	1		
707303	696864_6	1		
707303	3146069_12	1		
676028	676028_2	2		
676028	1676158_3	2		
676028	3685222_3	1		
676028	1676158_2	2		
676028	3347960_0	3	0.16666666666666666	0.2
676028	2643507_20	1		
676028	1136677_4	2		
676028	90118_2	2		
676028	638670_33	4	0.3333333333333333	0.2222222222222222
676028	3878374_9	2		
676028	4293131_2	3	0.5	0.2727272727272727
676028	1582877_7	1		
676028	1676158_6	2		
676028	288178_4	2		
676028	676028_0	4	0.6666666666666666	0.26666666666666666
676028	2008017_3	1		
676028	809037_4	1		
676028	2667024_0	1		
676028	3313308_2	1		
676028	2443586_16	1		
676028	4354280_3	1		
676028	922849_25	1		
676028	2008017_2	1		
676028	922849_31	1		
676028	312215_3	1		
676028	2266782_2	2		
676028	199087_14	2		
676028	2643507_5	1		
676028	248974_2	1		
676028	2929480_7	1		
2484180	2484180_8	3	0.08333333333333333	1.0
2484180	2145892_14	2		
2484180	1047976_2	3	0.16666666666666666	0.6666666666666666
2484180	2132185_8	1		
2484180	3977461_0	2		
2484180	3035718_6	1		
2484180	2804395_3	4	0.25	0.42857142857142855
2484180	921891_4	3	0.3333333333333333	0.5
2484180	3824206_8	4	0.4166666666666667	0.5555555555555556
2484180	1778017_5	2		
2484180	3971195_1	1		
2484180	2548275_4	2		
2484180	2484180_11	2		
2484180	2008017_2	1		
2484180	2484180_7	2		
2484180	2484180_6	2		
2484180	4018891_67	1		
2484180	1431284_13	1		
2484180	76436_3	1		
2484180	4213891_5	1		
2484180	2008017_13	1		
2484180	4234902_0	1		
2484180	2600376_4	2		
2484180	3759973_13	1		
2484180	2484180_1	4	0.5	0.24
2484180	2484180_10	3	0.5833333333333334	0.2692307692307692
2484180	1404624_3	1		
2484180	499974_94	1		
2484180	3381250_9	1		
2484180	2387399_22	2		
2814599	2814599_1	4	0.2	1.0
2814599	2814599_3	4	0.4	1.0
2814599	2814599_0	4	0.6	1.0
2814599	2814599_4	2		
2814599	332150_1	1		
2814599	2607044_0	1		
2814599	1784939_7	1		
2814599	421818_4	2		
2814599	1922877_8	1		
2814599	2146313_11	1		
2814599	2220192_6	1		
2814599	2674232_1	1		
2814599	1444008_1	1		
2814599	295179_4	1		
2814599	2814599_2	3	0.8	0.26666666666666666
2814599	388224_10	1		
2814599	3647196_9	2		
2814599	2849814_2	2		
2814599	1806469_2	2		
2814599	3399136_3	1		
2814599	1110438_2	1		
2814599	751_6	1		
2814599	2814599_5	1		
2814599	4018891_55	1		
2814599	1780249_10	1		
2814599	2814722_5	1		
2814599	3873627_0	1		
2814599	932490_4	2		
2814599	3784480_2	1		
2814599	733519_2	2		
1702151	39478_1	3	0.3333333333333333	1.0
1702151	3655585_4	1		
1702151	4279699_1	1		
1702151	4020672_0	1		
1702151	939905_9	2		
1702151	568025_0	1		
1702151	1880300_3	1		
1702151	617028_6	1		
1702151	149001_6	1		
1702151	2785504_9	1		
1702151	2298623_2	2		
1702151	2859083_3	1		
1702151	4250296_6	1		
1702151	2641742_3	1		
1702151	986088_8	2		
1702151	1397825_1	1		
1702151	2188621_3	1		
1702151	1900286_7	1		
1702151	1702151_0	4	0.6666666666666666	0.10526315789473684
1702151	4316440_8	1		
1702151	2292753_5	1		
1702151	2585255_1	2		
1702151	1514827_7	2		
1702151	1551178_7	1		
1702151	462424_5	2		
1702151	2152074_1	1		
1702151	1745273_0	1		
1702151	4020184_0	1		
1702151	2172889_1	1		
1702151	728252_6	1		
851124	851124_2	4	0.07692307692307693	1.0
851124	3747481_14	2		
851124	780772_4	2		
851124	956422_2	3	0.15384615384615385	0.5
851124	2189014_1	2		
851124	4215432_1	2		
851124	3964333_5	2		
851124	2762948_14	2		
851124	4476738_0	2		
851124	851124_4	4	0.23076923076923078	0.3
851124	851124_3	3	0.3076923076923077	0.36363636363636365
851124	841330_5	2		
851124	234348_2	4	0.38461538461538464	0.38461538461538464
851124	1440592_8	3	0.46153846153846156	0.42857142857142855
851124	1354800_2	2		
851124	851124_5	3	0.5384615384615384	0.4375
851124	1515803_6	2		
851124	3097963_0	1		
851124	2352161_1	4	0.6153846153846154	0.42105263157894735
851124	851124_0	4	0.6923076923076923	0.45
851124	2019409_7	1		
851124	4271823_11	1		
851124	1944018_17	1		
851124	3488694_3	3	0.7692307692307693	0.4166666666666667
851124	558570_11	1		
851124	279279_3	1		
851124	2287079_3	2		
851124	2650608_4	1		
851124	2380990_1	1		
851124	4249547_0	3	0.8461538461538461	0.36666666666666664
3698636	2662230_2	2		
3698636	1822999_8	4	0.05555555555555555	0.5
3698636	3597817_1	2		
3698636	754739_7	2		
3698636	1115338_10	1		
3698636	3837600_0	2		
3698636	1526792_6	2		
3698636	3171875_8	3	0.1111111111111111	0.25
3698636	4347647_4	2		
3698636	1658873_7	1		
3698636	1187880_4	2		
3698636	2205199_2	3	0.16666666666666666	0.25
3698636	3644497_8	2		
3698636	4226760_9	1		
3698636	4473331_4	1		
3698636	4035663_2	1		
3698636	3698636_0	4	0.2222222222222222	0.23529411764705882
3698636	3319146_7	2		
3698636	3152320_20	1		
3698636	3234900_12	1		
3698636	2722241_9	1		
3698636	235551_5	1		
3698636	3698636_7	4	0.2777777777777778	0.21739130434782608
3698636	3409233_14	2		
3698636	2329578_7	1		
3698636	2484180_0	1		
3698636	2722241_12	1		
3698636	3271086_6	1		
3698636	3698636_6	4	0.3333333333333333	0.20689655172413793
3698636	235551_0	1		
1844896	1485188_11	2		
1844896	2529760_0	1		
1844896	1844896_2	2		
1844896	2360161_1	1		
1844896	1844896_4	3	0.1	0.2
1844896	4181216_6	3	0.2	0.3333333333333333
1844896	1844896_1	4	0.3	0.42857142857142855
1844896	2649026_1	1		
1844896	4143403_9	1		
1844896	3557329_3	2		
1844896	2548275_17	1		
1844896	580714_0	1		
1844896	1044213_0	1		
1844896	1184057_0	3	0.4	0.2857142857142857
1844896	1958890_5	2		
1844896	1854996_2	1		
1844896	2843675_3	2		
1844896	2318465_1	1		
1844896	949154_15	1		
1844896	402514_6	1		
1844896	742417_5	1		
1844896	369149_0	4	0.5	0.22727272727272727
1844896	3723508_3	3	0.6	0.2608695652173913
1844896	4210039_13	1		
1844896	793463_19	1		
1844896	2683964_0	1		
1844896	3547758_0	2		
1844896	1844896_3	3	0.7	0.25
1844896	1209792_4	1		
1844896	128053_1	1		
2290758	842869_9	2		
2290758	1674423_10	3	0.0625	0.5
2290758	1015398_8	2		
2290758	4263006_2	3	0.125	0.5
2290758	2789367_1	3	0.1875	0.6
2290758	627742_0	3	0.25	0.6666666666666666
2290758	2594000_0	2		
2290758	3444414_20	3	0.3125	0.625
2290758	3338514_7	2		
2290758	4018891_13	1		
2290758	852482_1	2		
2290758	938564_8	1		
2290758	1010128_1	1		
2290758	1675113_3	2		
2290758	3882948_11	1		
2290758	2008017_13	1		
2290758	3851041_31	3	0.375	0.35294117647058826
2290758	4447742_17	3	0.4375	0.3888888888888889
2290758	385425_6	3	0.5	0.42105263157894735
2290758	4165382_7	1		
2290758	2787567_4	3	0.5625	0.42857142857142855
2290758	795626_4	2		
2290758	3557397_1	2		
2290758	2290802_3	1		
2290758	2541591_11	1		
2290758	3594006_2	4	0.625	0.38461538461538464
2290758	592364_3	1		
2290758	1300291_5	1		
2290758	2325953_9	1		
2290758	4018891_44	1		
143833	4105530_10	1		
143833	2580192_2	2		
143833	4032001_7	2		
143833	1130467_0	2		
143833	2539741_0	2		
143833	211922_2	2		
143833	3769909_5	1		
143833	3757501_4	1		
143833	1391621_5	1		
143833	2404029_2	2		
143833	158155_14	2		
143833	202603_8	2		
143833	143833_0	4	0.16666666666666666	0.07692307692307693
143833	3542328_40	1		
143833	3723508_3	1		
143833	3977645_5	2		
143833	746920_2	1		
143833	3511244_1	2		
143833	2582920_13	1		
143833	1910512_0	1		
143833	143833_5	3	0.3333333333333333	0.09523809523809523
143833	143833_6	4	0.5	0.13636363636363635
143833	1458356_0	1		
143833	1814439_2	1		
143833	1191517_0	1		
143833	2462566_8	1		
143833	1453706_13	2		
143833	3694941_2	1		
143833	1598784_2	1		
143833	143833_4	3	0.6666666666666666	0.13333333333333333
3910925	4428185_5	2		
3910925	4428185_0	4	0.038461538461538464	0.5
3910925	3720632_7	2		
3910925	2831596_5	4	0.07692307692307693	0.5
3910925	3081548_1	2		
3910925	1961993_3	3	0.11538461538461539	0.5
3910925	590494_3	4	0.15384615384615385	0.5714285714285714
3910925	1742488_2	2		
3910925	3720632_4	1		
3910925	3910925_6	2		
3910925	2556570_2	1		
3910925	3910925_2	4	0.19230769230769232	0.4166666666666667
3910925	3910925_9	4	0.23076923076923078	0.46153846153846156
3910925	2349974_3	2		
3910925	3910925_7	3	0.2692307692307692	0.4666666666666667
3910925	1961993_1	3	0.3076923076923077	0.5
3910925	3143517_0	2		
3910925	696384_0	3	0.34615384615384615	0.5
3910925	834635_0	4	0.38461538461538464	0.5263157894736842
3910925	601072_7	4	0.4230769230769231	0.55
3910925	728428_1	4	0.46153846153846156	0.5714285714285714
3910925	2065163_1	4	0.5	0.5909090909090909
3910925	3513905_7	4	0.5384615384615384	0.6086956521739131
3910925	1208437_1	4	0.5769230769230769	0.625
3910925	283506_5	3	0.6153846153846154	0.64
3910925	3143517_14	4	0.6538461538461539	0.6538461538461539
3910925	1825763_2	4	0.6923076923076923	0.6666666666666666
3910925	1825763_0	3	0.7307692307692307	0.6785714285714286
3910925	1296683_4	1		
3910925	283506_3	3	0.7692307692307693	0.6666666666666666
2643507	2643507_2	3	0.07692307692307693	1.0
2643507	2643507_9	2		
2643507	2643507_0	4	0.15384615384615385	0.6666666666666666
2643507	2643507_15	4	0.23076923076923078	0.75
2643507	2643507_12	3	0.3076923076923077	0.8
2643507	2643507_7	2		
2643507	1563045_2	3	0.38461538461538464	0.7142857142857143
2643507	4221450_0	2		
2643507	2643507_19	4	0.46153846153846156	0.6666666666666666
2643507	2925174_1	2		
2643507	364589_9	2		
2643507	3803905_12	1		
2643507	903196_1	2		
2643507	364589_5	4	0.5384615384615384	0.5
2643507	2679009_4	3	0.6153846153846154	0.5333333333333333
2643507	2643507_13	4	0.6923076923076923	0.5625
2643507	1374825_0	2		
2643507	2643507_21	2		
2643507	2889585_5	1		
2643507	751_6	1		
2643507	1589216_5	3	0.7692307692307693	0.47619047619047616
2643507	1270436_7	3	0.8461538461538461	0.5
2643507	2643507_4	3	0.9230769230769231	0.5217391304347826
2643507	3562810_2	1		
2643507	1167882_5	1		
2643507	2421593_0	1		
2643507	2643507_10	2		
2643507	3875028_9	1		
2643507	3589229_12	1		
2643507	2643507_16	2		
1502604	1808256_2	1		
1502604	2777751_3	2		
1502604	1081135_12	1		
1502604	139489_6	1		
1502604	2815354_2	2		
1502604	336249_5	1		
1502604	4206702_6	2		
1502604	3206998_8	1		
1502604	1781701_0	1		
1502604	3617938_6	1		
1502604	307316_6	1		
1502604	714664_3	2		
1502604	946376_16	3	0.25	0.07692307692307693
1502604	4154342_0	2		
1502604	2003161_2	1		
1502604	2551616_8	1		
1502604	1964316_4	1		
1502604	2994485_15	1		
1502604	250295_4	4	0.5	0.10526315789473684
1502604	3902731_15	1		
1502604	2479423_1	1		
1502604	2182052_1	1		
1502604	2896298_1	2		
1502604	4271164_0	1		
1502604	2816478_6	1		
1502604	1502604_0	4	0.75	0.11538461538461539
1502604	2597218_0	1		
1502604	4113671_5	1		
1502604	632879_5	1		
1502604	3259629_1	1		
3554263	714612_3	1		
3554263	1956064_7	2		
3554263	1725826_6	3	0.05	0.3333333333333333
3554263	138535_7	4	0.1	0.5
3554263	4171937_2	2		
3554263	3245196_5	4	0.15	0.5
3554263	1000150_3	2		
3554263	76436_3	1		
3554263	2787567_4	1		
3554263	3298957_13	2		
3554263	2170642_5	2		
3554263	250848_9	3	0.2	0.3333333333333333
3554263	1272836_4	2		
3554263	778164_2	3	0.25	0.35714285714285715
3554263	3971195_1	1		
3554263	2145892_14	1		
3554263	2787567_1	1		
3554263	1990217_1	1		
3554263	3287239_0	1		
3554263	1956064_6	4	0.3	0.3
3554263	951060_2	3	0.35	0.3333333333333333
3554263	3594006_2	1		
3554263	1582877_12	1		
3554263	3146069_12	1		
3554263	1817847_1	1		
3554263	2247502_6	3	0.4	0.3076923076923077
3554263	1404624_3	1		
3554263	1340574_10	1		
3554263	1680777_5	1		
3554263	2590595_1	1		
3313308	2931609_3	1		
3313308	3397228_4	2		
3313308	4369443_0	4	0.0625	0.3333333333333333
3313308	1926712_4	2		
3313308	2795030_0	1		
3313308	1184301_0	1		
3313308	311770_2	1		
3313308	2265050_13	1		
3313308	2673691_5	1		
3313308	502093_2	1		
3313308	849221_14	1		
3313308	3759973_26	1		
3313308	2072335_15	1		
3313308	2380990_6	1		
3313308	3910925_4	1		
3313308	3665224_3	1		
3313308	2561964_12	1		
3313308	2159677_1	3	0.125	0.1111111111111111
3313308	2984481_6	2		
3313308	1207074_10	1		
3313308	828735_2	1		
3313308	1364894_10	1		
3313308	3409233_14	1		
3313308	1740321_13	1		
3313308	564570_3	2		
3313308	1364894_5	1		
3313308	73883_3	1		
3313308	3219248_1	4	0.1875	0.10714285714285714
3313308	1340574_5	1		
3313308	111526_5	1		
4357460	3259629_1	1		
4357460	213510_9	2		
4357460	4113671_5	2		
4357460	429066_5	2		
4357460	20376_10	2		
4357460	2028927_7	2		
4357460	1847289_1	3	0.07692307692307693	0.14285714285714285
4357460	1623623_2	1		
4357460	746975_2	2		
4357460	456343_1	1		
4357460	2003161_2	1		
4357460	605629_3	2		
4357460	1880300_3	1		
4357460	4209320_0	2		
4357460	997038_3	3	0.15384615384615385	0.13333333333333333
4357460	1345608_1	2		
4357460	99379_0	3	0.23076923076923078	0.17647058823529413
4357460	1104015_6	1		
4357460	2372266_3	1		
4357460	4357460_8	2		
4357460	2551616_8	1		
4357460	1964316_4	1		
4357460	661584_6	1		
4357460	3091603_2	1		
4357460	1543648_2	2		
4357460	2192891_9	1		
4357460	1791276_11	1		
4357460	226848_1	2		
4357460	2539741_3	1		
4357460	1062527_5	1		
2582920	2582920_10	3	0.047619047619047616	1.0
2582920	2582920_11	3	0.09523809523809523	1.0
2582920	2582920_18	3	0.14285714285714285	1.0
2582920	2582920_23	3	0.19047619047619047	1.0
2582920	2582920_21	4	0.23809523809523808	1.0
2582920	2582920_6	4	0.2857142857142857	1.0
2582920	2582920_1	3	0.3333333333333333	1.0
2582920	2582920_8	3	0.38095238095238093	1.0
2582920	2582920_12	3	0.42857142857142855	1.0
2582920	2582920_3	4	0.47619047619047616	1.0
2582920	2582920_2	2		
2582920	2582920_0	4	0.5238095238095238	0.9166666666666666
2582920	2582920_4	4	0.5714285714285714	0.9230769230769231
2582920	2582920_25	4	0.6190476190476191	0.9285714285714286
2582920	2582920_7	2		
2582920	225575_0	1		
2582920	3430495_5	1		
2582920	2582920_19	3	0.6666666666666666	0.7777777777777778
2582920	2582920_20	4	0.7142857142857143	0.7894736842105263
2582920	2582920_16	4	0.7619047619047619	0.8
2582920	2582920_15	4	0.8095238095238095	0.8095238095238095
2582920	2582920_22	2		
2582920	225575_1	1		
2582920	225575_21	1		
2582920	4210039_8	1		
2582920	1338579_0	1		
2582920	3723508_3	1		
2582920	1659279_2	2		
2582920	2582920_13	4	0.8571428571428571	0.6206896551724138
2582920	3198591_9	1		
4462511	1852661_5	2		
4462511	3682952_6	1		
4462511	3354590_2	2		
4462511	2386698_0	4	0.16666666666666666	0.25
4462511	4462511_1	3	0.3333333333333333	0.4
4462511	2514686_3	1		
4462511	741078_8	3	0.5	0.42857142857142855
4462511	1238666_3	2		
4462511	1427998_1	2		
4462511	592364_3	1		
4462511	1300291_5	1		
4462511	2325953_9	1		
4462511	4382010_2	1		
4462511	994523_4	1		
4462511	938564_8	1		
4462511	514592_6	1		
4462511	918942_17	1		
4462511	2157596_4	2		
4462511	3792167_0	2		
4462511	1323949_3	1		
4462511	1015398_8	1		
4462511	2143798_0	2		
4462511	582850_8	4	0.6666666666666666	0.17391304347826086
4462511	3269522_5	1		
4462511	4406669_28	1		
4462511	2290758_3	1		
4462511	582850_3	2		
4462511	4274155_31	1		
4462511	4044842_3	1		
4462511	4018891_9	1		
2795030	2795030_12	2		
2795030	3759973_13	4	0.09090909090909091	0.5
2795030	3385681_22	1		
2795030	3682404_1	4	0.18181818181818182	0.5
2795030	3759973_9	4	0.2727272727272727	0.6
2795030	4367654_8	1		
2795030	76436_3	1		
2795030	3385681_15	1		
2795030	3999489_11	2		
2795030	4037397_3	2		
2795030	3759973_15	3	0.36363636363636365	0.36363636363636365
2795030	2795030_13	4	0.45454545454545453	0.4166666666666667
2795030	2145892_14	1		
2795030	1027890_3	1		
2795030	2795030_11	2		
2795030	1907578_17	1		
2795030	3041926_2	1		
2795030	4153592_1	1		
2795030	3239329_8	1		
2795030	3594006_2	1		
2795030	951535_13	1		
2795030	3146069_12	1		
2795030	1817847_1	1		
2795030	714612_3	1		
2795030	951535_36	1		
2795030	1404624_3	1		
2795030	1340574_10	1		
2795030	4279699_9	1		
2795030	32011_5	1		
2795030	707303_4	1		
312215	2198611_11	2		
312215	312215_8	3	0.14285714285714285	0.5
312215	312215_7	3	0.2857142857142857	0.6666666666666666
312215	2198611_10	1		
312215	1798175_6	2		
312215	2269965_0	2		
312215	2901201_3	2		
312215	312215_2	3	0.42857142857142855	0.375
312215	1798175_4	1		
312215	1602635_3	2		
312215	312215_4	4	0.5714285714285714	0.36363636363636365
312215	312215_5	2		
312215	1060042_1	1		
312215	2643507_14	1		
312215	2901201_4	1		
312215	2901201_0	2		
312215	312215_9	2		
312215	2562102_1	1		
312215	1015800_24	2		
312215	2360161_0	1		
312215	2198611_9	2		
312215	4311093_4	1		
312215	312215_10	2		
312215	1209792_4	1		
312215	3685035_20	1		
312215	2269965_1	2		
312215	2753255_2	2		
312215	1480360_3	1		
312215	3124555_3	1		
312215	39478_1	1		
3363149	3363149_0	3	0.125	1.0
3363149	3363149_4	3	0.25	1.0
3363149	1833501_2	1		
3363149	3363149_5	4	0.375	0.75
3363149	388234_3	1		
3363149	1611814_2	2		
3363149	1230786_2	1		
3363149	1211362_0	1		
3363149	1249260_3	1		
3363149	2131837_1	1		
3363149	3363149_1	3	0.5	0.36363636363636365
3363149	3939507_2	3	0.625	0.4166666666666667
3363149	4047045_0	4	0.75	0.46153846153846156
3363149	1611814_1	3	0.875	0.5
3363149	3820690_5	2		
3363149	871103_0	1		
3363149	1710501_1	1		
3363149	4018891_47	1		
3363149	2350207_5	1		
3363149	1030690_0	1		
3363149	1611814_0	1		
3363149	3396066_7	1		
3363149	714612_4	1		
3363149	3992892_9	2		
3363149	962816_9	3	1.0	0.32
3363149	2797224_3	1		
3363149	3757398_7	2		
3363149	1310315_0	1		
3363149	852482_4	2		
3363149	3327416_16	1		
1944018	1773381_1	2		
1944018	3920126_11	2		
1944018	717419_16	2		
1944018	1628352_27	2		
1944018	1607303_8	1		
1944018	1628352_22	2		
1944018	1773381_12	2		
1944018	1511991_6	1		
1944018	1046058_11	1		
1944018	1944018_1	4	0.05263157894736842	0.1
1944018	4293131_2	1		
1944018	1628352_18	2		
1944018	2086480_1	1		
1944018	1944018_16	2		
1944018	823705_8	2		
1944018	1944018_24	3	0.10526315789473684	0.125
1944018	1815428_13	2		
1944018	199087_14	1		
1944018	2307672_0	1		
1944018	1944018_8	4	0.15789473684210525	0.15
1944018	1944018_4	4	0.21052631578947367	0.19047619047619047
1944018	809037_4	1		
1944018	1944018_25	4	0.2631578947368421	0.21739130434782608
1944018	1944018_18	2		
1944018	1235498_5	1		
1944018	3347960_0	1		
1944018	1944018_23	3	0.3157894736842105	0.2222222222222222
1944018	2779175_7	2		
1944018	1944018_12	3	0.3684210526315789	0.2413793103448276
1944018	3920126_4	1		
788976	2577358_6	2		
788976	3038781_7	2		
788976	4308477_2	2		
788976	1296491_4	1		
788976	788976_7	2		
788976	3862765_0	2		
788976	2577358_3	3	0.05555555555555555	0.14285714285714285
788976	2407047_3	2		
788976	2207257_2	3	0.1111111111111111	0.2222222222222222
788976	788976_9	2		
788976	3947483_7	3	0.16666666666666666	0.2727272727272727
788976	2710133_6	1		
788976	1853599_7	2		
788976	2214297_2	2		
788976	1204476_2	2		
788976	4377900_17	1		
788976	255879_8	3	0.2222222222222222	0.23529411764705882
788976	1662210_4	1		
788976	2207257_8	2		
788976	126294_3	2		
788976	788976_8	2		
788976	790907_2	1		
788976	1282199_1	1		
788976	2309774_16	1		
788976	1702151_3	1		
788976	439645_31	2		
788976	788976_0	3	0.2777777777777778	0.18518518518518517
788976	2081201_5	2		
788976	788976_10	2		
788976	1063812_11	1		
4385316	1316226_9	2		
4385316	4292466_0	2		
4385316	3146069_12	1		
4385316	1817847_1	1		
4385316	4181216_5	2		
4385316	864801_2	2		
4385316	2265034_2	1		
4385316	3165940_2	1		
4385316	497709_4	3	0.1	0.1111111111111111
4385316	1309764_2	1		
4385316	3165940_5	1		
4385316	4196886_6	1		
4385316	3990014_2	1		
4385316	81587_8	1		
4385316	3165940_3	1		
4385316	3790830_2	1		
4385316	76436_3	1		
4385316	1001002_9	1		
4385316	4385316_5	4	0.2	0.10526315789473684
4385316	3317208_8	1		
4385316	2509689_6	1		
4385316	1907578_17	2		
4385316	1404624_3	1		
4385316	4122089_1	1		
4385316	3778999_4	1		
4385316	1593316_4	2		
4385316	1784267_3	1		
4385316	2304196_2	2		
4385316	1983610_10	1		
4385316	3146069_5	1		
551239	3593337_1	2		
551239	3540587_0	3	0.07692307692307693	0.5
551239	2874394_16	2		
551239	3198589_2	1		
551239	2640389_1	2		
551239	3502164_2	2		
551239	587929_0	1		
551239	4335244_0	4	0.15384615384615385	0.25
551239	2803492_8	1		
551239	3819329_3	3	0.23076923076923078	0.3
551239	243520_3	3	0.3076923076923077	0.36363636363636365
551239	2074044_3	3	0.38461538461538464	0.4166666666666667
551239	641466_0	2		
551239	2956776_0	1		
551239	2535475_5	1		
551239	3946843_7	2		
551239	2882464_0	4	0.46153846153846156	0.35294117647058826
551239	3368322_1	2		
551239	1399727_2	4	0.5384615384615384	0.3684210526315789
551239	224270_3	1		
551239	1399727_3	3	0.6153846153846154	0.38095238095238093
551239	858484_0	1		
551239	4317770_7	1		
551239	2803492_9	1		
551239	2803492_1	2		
551239	1948821_0	2		
551239	4425036_2	1		
551239	270342_3	1		
551239	2551845_8	1		
551239	3014637_0	2		
3499881	3089958_18	2		
3499881	3076949_10	2		
3499881	3385681_5	1		
3499881	256524_0	2		
3499881	3499881_11	4	0.0625	0.2
3499881	3385681_3	1		
3499881	3499881_7	4	0.125	0.2857142857142857
3499881	3385681_1	1		
3499881	3385681_9	1		
3499881	415231_1	1		
3499881	1977054_0	1		
3499881	3385681_21	1		
3499881	842715_15	1		
3499881	3385681_22	1		
3499881	2814217_0	1		
3499881	838135_7	1		
3499881	1428708_5	1		
3499881	2299281_9	1		
3499881	1465150_11	1		
3499881	3499881_2	4	0.1875	0.15
3499881	3385681_11	1		
3499881	699402_6	1		
3499881	609370_6	1		
3499881	1555828_1	1		
3499881	2814217_2	1		
3499881	1081707_4	1		
3499881	2584082_5	2		
3499881	4269531_1	1		
3499881	4183398_6	3	0.25	0.13793103448275862
3499881	2173128_2	1		
4311093	989850_11	2		
4311093	3031257_2	4	0.05	0.5
4311093	3542779_4	2		
4311093	989850_12	3	0.1	0.5
4311093	882745_1	3	0.15	0.6
4311093	2217368_2	2		
4311093	3085580_1	2		
4311093	396703_7	2		
4311093	3801750_0	3	0.2	0.4444444444444444
4311093	112512_0	3	0.25	0.5
4311093	3085580_0	4	0.3	0.5454545454545454
4311093	3085580_2	4	0.35	0.5833333333333334
4311093	3085580_4	3	0.4	0.6153846153846154
4311093	312215_9	1		
4311093	4311093_6	4	0.45	0.6
4311093	201033_5	4	0.5	0.625
4311093	4311093_7	4	0.55	0.6470588235294118
4311093	894525_3	2		
4311093	4311093_9	4	0.6	0.631578947368421
4311093	4311093_8	4	0.65	0.65
4311093	3031257_3	3	0.7	0.6666666666666666
4311093	3592567_1	1		
4311093	1961993_3	1		
4311093	2813162_14	2		
4311093	3966742_0	2		
4311093	2785579_0	1		
4311093	451864_3	2		
4311093	4311093_4	3	0.75	0.5357142857142857
4311093	4311093_0	4	0.8	0.5517241379310345
4311093	3396066_12	1		
4256593	3384601_0	2		
4256593	4256593_1	2		
4256593	3164341_0	4	0.1	0.3333333333333333
4256593	325934_1	2		
4256593	2763149_3	3	0.2	0.4
4256593	2095328_1	2		
4256593	1075565_1	4	0.3	0.42857142857142855
4256593	4256593_0	4	0.4	0.5
4256593	811727_2	4	0.5	0.5555555555555556
4256593	601023_0	2		
4256593	946189_6	1		
4256593	3609286_0	3	0.6	0.5
4256593	982409_1	4	0.7	0.5384615384615384
4256593	3099962_3	2		
4256593	1874881_7	1		
4256593	3455905_3	2		
4256593	2783398_16	1		
4256593	3859964_0	2		
4256593	2308189_0	1		
4256593	782363_3	1		
4256593	3513722_1	1		
4256593	3599049_0	1		
4256593	1860702_1	1		
4256593	1860702_3	1		
4256593	4256593_4	2		
4256593	1487774_1	2		
4256593	4256593_5	4	0.8	0.2962962962962963
4256593	3738750_13	1		
4256593	484496_7	1		
4256593	1492175_1	1		
1017690	1017690_0	2		
1017690	625773_7	1		
1017690	2908967_5	2		
1017690	1209311_1	2		
1017690	1830835_1	2		
1017690	3014981_7	2		
1017690	2478511_0	1		
1017690	3449576_11	1		
1017690	3832978_0	2		
1017690	3988127_5	1		
1017690	1017690_2	3	0.3333333333333333	0.09090909090909091
1017690	838135_16	2		
1017690	2186958_11	1		
1017690	1984512_0	1		
1017690	654046_0	2		
1017690	1888463_0	3	0.6666666666666666	0.125
1017690	100582_1	2		
1017690	3674432_9	1		
1017690	1222002_3	1		
1017690	3068480_0	1		
1017690	808344_1	1		
1017690	2062189_2	1		
1017690	3665231_27	1		
1017690	648371_2	1		
1017690	1083701_2	2		
1017690	3920126_4	1		
1017690	415717_3	1		
1017690	2062189_0	1		
1017690	852628_1	1		
1017690	2422224_5	1		
667488	3066696_7	2		
667488	2477620_2	1		
667488	1258734_5	1		
667488	3328664_17	1		
667488	507298_9	2		
667488	1476913_9	1		
667488	1866441_4	2		
667488	821230_5	1		
667488	3101488_2	2		
667488	2846433_2	2		
667488	772531_2	1		
667488	2032462_2	1		
667488	3460106_6	1		
667488	688359_5	2		
667488	922849_32	1		
667488	669829_10	1		
667488	1702151_3	1		
667488	2477620_4	1		
667488	2477620_1	1		
667488	3353798_1	1		
667488	1871901_11	1		
667488	4470463_0	1		
667488	1670291_1	1		
667488	667488_2	2		
667488	3993397_11	1		
667488	4157307_2	1		
667488	4089749_3	1		
667488	901548_3	1		
667488	1138153_1	2		
667488	4196421_2	1		
3507491	3507491_2	4	0.07692307692307693	1.0
3507491	1216649_1	2		
3507491	3258291_26	2		
3507491	3258291_15	2		
3507491	3507491_1	4	0.15384615384615385	0.4
3507491	3507491_17	3	0.23076923076923078	0.5
3507491	3507491_11	4	0.3076923076923077	0.5714285714285714
3507491	2180086_10	1		
3507491	2540881_3	1		
3507491	4235462_0	2		
3507491	3507491_7	2		
3507491	3507491_13	3	0.38461538461538464	0.4166666666666667
3507491	1822885_0	2		
3507491	1773381_1	1		
3507491	2828371_17	2		
3507491	1689674_8	1		
3507491	92934_24	1		
3507491	89648_9	3	0.46153846153846156	0.3333333333333333
3507491	4475476_6	1		
3507491	3507491_16	2		
3507491	3604708_3	2		
3507491	3507491_14	2		
3507491	740606_0	3	0.5384615384615384	0.30434782608695654
3507491	3507491_10	4	0.6153846153846154	0.3333333333333333
3507491	1862777_1	1		
3507491	4154146_2	1		
3507491	3507491_9	4	0.6923076923076923	0.3333333333333333
3507491	4074085_12	1		
3507491	922849_29	1		
3507491	3133147_9	1		
2634143	412002_2	2		
2634143	68860_1	2		
2634143	2965308_5	1		
2634143	883246_3	1		
2634143	2634143_1	4	0.3333333333333333	0.2
2634143	3549513_0	3	0.6666666666666666	0.3333333333333333
2634143	2822782_1	2		
2634143	1199801_2	1		
2634143	1870918_10	1		
2634143	3738750_13	1		
2634143	453024_0	1		
2634143	346070_1	2		
2634143	386045_0	1		
2634143	1854656_10	1		
2634143	1787302_9	1		
2634143	1841876_0	2		
2634143	3103275_2	1		
2634143	3549513_1	1		
2634143	4266441_2	1		
2634143	1559320_2	4	1.0	0.15
2634143	1428555_1	1		
2634143	2813625_0	1		
2634143	383384_2	1		
2634143	2944022_5	1		
2634143	1872522_1	1		
2634143	1562773_4	1		
2634143	368525_2	1		
2634143	2296382_0	1		
2634143	2892478_1	1		
2634143	3025260_1	1		
3396066	1492370_3	2		
3396066	1148987_10	1		
3396066	2035707_1	4	0.05	0.3333333333333333
3396066	4188646_2	1		
3396066	48951_2	1		
3396066	1578718_35	1		
3396066	3396066_11	4	0.1	0.2857142857142857
3396066	3159000_4	2		
3396066	753026_4	4	0.15	0.3333333333333333
3396066	753026_6	3	0.2	0.4
3396066	3646403_2	1		
3396066	1925143_1	1		
3396066	2590387_10	2		
3396066	3974525_0	1		
3396066	4280931_1	2		
3396066	4471220_1	3	0.25	0.3125
3396066	2679009_2	1		
3396066	3960080_4	1		
3396066	3341098_5	1		
3396066	309772_3	1		
3396066	2732477_7	1		
3396066	4450746_1	1		
3396066	4454467_7	1		
3396066	1802263_3	1		
3396066	4382889_8	1		
3396066	2732477_0	1		
3396066	3499881_3	1		
3396066	1522326_2	2		
3396066	3396066_8	3	0.3	0.20689655172413793
3396066	3038781_7	1		
2892478	1664423_2	2		
2892478	3437121_0	4	0.07692307692307693	0.5
2892478	3143818_2	1		
2892478	714612_9	1		
2892478	714612_7	1		
2892478	4394257_0	2		
2892478	3691159_0	3	0.15384615384615385	0.2857142857142857
2892478	2116993_0	3	0.23076923076923078	0.375
2892478	1188368_3	4	0.3076923076923077	0.4444444444444444
2892478	3986699_4	1		
2892478	3870854_6	1		
2892478	2501699_1	4	0.38461538461538464	0.4166666666666667
2892478	3800929_1	1		
2892478	714612_1	1		
2892478	2781942_4	1		
2892478	4394257_7	1		
2892478	484496_2	1		
2892478	4403555_1	1		
2892478	3283011_0	1		
2892478	1292734_20	1		
2892478	3618683_0	3	0.46153846153846156	0.2857142857142857
2892478	3986699_1	1		
2892478	3385681_12	1		
2892478	4302021_2	1		
2892478	1349828_10	1		
2892478	229303_0	1		
2892478	2213996_1	1		
2892478	3576052_0	1		
2892478	337845_0	1		
2892478	4394257_6	3	0.5384615384615384	0.23333333333333334
3155314	3155314_2	3	0.5	1.0
3155314	3198591_9	2		
3155314	3574832_3	2		
3155314	4107501_9	2		
3155314	3198591_4	2		
3155314	2484567_2	1		
3155314	2625849_1	2		
3155314	3198591_18	1		
3155314	3198591_23	1		
3155314	4287339_9	1		
3155314	4287339_19	1		
3155314	851226_1	2		
3155314	3198591_3	1		
3155314	969379_5	1		
3155314	2160193_4	1		
3155314	3155314_0	2		
3155314	4181216_4	1		
3155314	413260_17	2		
3155314	3198591_6	2		
3155314	4370955_3	2		
3155314	4026949_4	1		
3155314	3280274_1	2		
3155314	2556559_5	1		
3155314	4406669_34	1		
3155314	2008738_13	1		
3155314	3562551_0	2		
3155314	369149_0	1		
3155314	3899872_49	1		
3155314	4406669_6	1		
3155314	4181216_0	2		
785823	4297168_1	2		
785823	3474464_2	2		
785823	785823_1	4	0.125	0.3333333333333333
785823	850911_12	1		
785823	3035489_2	1		
785823	4018891_66	1		
785823	3226524_5	1		
785823	4434983_0	2		
785823	785823_2	3	0.25	0.2222222222222222
785823	1606105_3	2		
785823	973819_1	1		
785823	3588470_6	2		
785823	4237774_0	2		
785823	2308266_5	2		
785823	4090118_13	1		
785823	1273508_0	2		
785823	785823_6	3	0.375	0.17647058823529413
785823	443848_5	1		
785823	3270056_3	1		
785823	2258495_0	2		
785823	2225026_5	1		
785823	785823_4	3	0.5	0.18181818181818182
785823	1590133_11	1		
785823	2971203_0	2		
785823	231585_0	2		
785823	172731_0	1		
785823	3618486_0	1		
785823	523131_1	1		
785823	472463_17	1		
785823	785823_3	4	0.625	0.16666666666666666
2815090	2609953_22	2		
2815090	497800_8	1		
2815090	213488_21	1		
2815090	1862795_3	1		
2815090	3074426_2	1		
2815090	2815090_2	4	0.16666666666666666	0.16666666666666666
2815090	2415918_2	2		
2815090	3874326_3	1		
2815090	2860673_4	1		
2815090	2370312_2	2		
2815090	4318787_2	2		
2815090	4278201_3	1		
2815090	3716252_4	3	0.3333333333333333	0.15384615384615385
2815090	2448180_1	1		
2815090	2815090_1	4	0.5	0.2
2815090	559015_3	3	0.6666666666666666	0.25
2815090	4318360_11	1		
2815090	4311093_0	1		
2815090	2305198_0	1		
2815090	1598784_2	1		
2815090	1973219_0	1		
2815090	2258495_0	1		
2815090	4448097_0	1		
2815090	698757_23	1		
2815090	558570_4	1		
2815090	1308452_1	2		
2815090	1668257_9	1		
2815090	4456104_9	1		
2815090	3599049_0	3	0.8333333333333334	0.1724137931034483
2815090	1420026_2	3	1.0	0.2
1821193	1821193_0	4	0.09090909090909091	1.0
1821193	157907_7	2		
1821193	157907_16	2		
1821193	514622_5	1		
1821193	2782133_12	2		
1821193	1821193_1	4	0.18181818181818182	0.3333333333333333
1821193	938564_8	1		
1821193	812036_1	1		
1821193	1821193_16	2		
1821193	1283542_0	1		
1821193	1821193_7	3	0.2727272727272727	0.2727272727272727
1821193	1821193_12	3	0.36363636363636365	0.3333333333333333
1821193	1757874_6	1		
1821193	3555026_11	1		
1821193	3578969_2	1		
1821193	2036141_7	1		
1821193	2669797_16	1		
1821193	3205734_1	2		
1821193	3620424_2	2		
1821193	76436_3	1		
1821193	821387_24	1		
1821193	1821193_10	3	0.45454545454545453	0.22727272727272727
1821193	342943_3	1		
1821193	1592233_0	1		
1821193	3614621_7	1		
1821193	1972970_3	1		
1821193	1324444_6	1		
1821193	2145892_14	1		
1821193	1944018_22	1		
1821193	3086320_0	1		
4185501	3295055_3	1		
4185501	2045503_11	2		
4185501	2019409_3	4	0.047619047619047616	0.3333333333333333
4185501	4185501_3	1		
4185501	1174906_5	3	0.09523809523809523	0.4
4185501	1777971_3	2		
4185501	1835434_6	1		
4185501	1016733_2	1		
4185501	1060942_4	1		
4185501	2785579_2	2		
4185501	2019409_7	3	0.14285714285714285	0.2727272727272727
4185501	1174906_4	4	0.19047619047619047	0.3333333333333333
4185501	1664423_9	1		
4185501	253238_8	1		
4185501	66937_2	1		
4185501	4185501_5	3	0.23809523809523808	0.3125
4185501	751_6	1		
4185501	2983072_1	1		
4185501	1417539_9	1		
4185501	1345517_2	1		
4185501	2213227_1	3	0.2857142857142857	0.2857142857142857
4185501	1262692_9	1		
4185501	3126423_2	1		
4185501	2019409_0	4	0.3333333333333333	0.2916666666666667
4185501	1429684_0	1		
4185501	3490578_5	1		
4185501	3403034_9	1		
4185501	3109243_0	1		
4185501	1046895_5	1		
4185501	2589023_5	4	0.38095238095238093	0.26666666666666666
4473331	4373459_1	1		
4473331	532418_2	2		
4473331	3234900_12	1		
4473331	4373459_3	1		
4473331	4373459_14	2		
4473331	3535930_4	2		
4473331	1115338_0	2		
4473331	1740321_13	1		
4473331	2508797_1	1		
4473331	1115338_1	1		
4473331	460728_16	3	0.1	0.09090909090909091
4473331	1657326_1	1		
4473331	4473331_5	4	0.2	0.15384615384615385
4473331	1166941_1	1		
4473331	3271086_6	1		
4473331	4281840_17	1		
4473331	1757398_14	1		
4473331	1271974_1	1		
4473331	3996836_3	3	0.3	0.15789473684210525
4473331	1591764_2	4	0.4	0.2
4473331	4375770_7	2		
4473331	2585846_1	1		
4473331	4147302_5	2		
4473331	3614208_5	2		
4473331	945249_1	1		
4473331	604564_6	1		
4473331	4473331_3	4	0.5	0.18518518518518517
4473331	3593337_1	1		
4473331	1814059_0	1		
4473331	2855289_1	1		
4190287	785804_2	1		
4190287	1256399_1	4	0.08333333333333333	0.5
4190287	4190287_0	4	0.16666666666666666	0.6666666666666666
4190287	2734659_4	1		
4190287	1581015_1	2		
4190287	829336_15	2		
4190287	364519_2	2		
4190287	4286095_8	2		
4190287	477064_10	1		
4190287	1133452_0	2		
4190287	1582877_2	1		
4190287	4272061_4	2		
4190287	4190287_3	4	0.25	0.23076923076923078
4190287	1256399_0	4	0.3333333333333333	0.2857142857142857
4190287	1624980_17	1		
4190287	4190287_4	4	0.4166666666666667	0.3125
4190287	1944018_2	1		
4190287	543265_2	1		
4190287	4190287_2	4	0.5	0.3157894736842105
4190287	2436437_0	1		
4190287	1624980_13	1		
4190287	1582877_13	1		
4190287	636973_1	1		
4190287	4031278_15	1		
4190287	1164468_0	1		
4190287	2432081_2	1		
4190287	3411123_1	1		
4190287	1166941_1	1		
4190287	3593337_1	1		
4190287	1814059_0	1		
1937374	1937374_2	4	0.09090909090909091	1.0
1937374	4083207_7	1		
1937374	3783343_4	2		
1937374	1788797_1	3	0.18181818181818182	0.5
1937374	3504570_1	2		
1937374	668694_0	2		
1937374	4454467_7	2		
1937374	3159883_1	1		
1937374	4454467_10	1		
1937374	1392278_3	3	0.2727272727272727	0.3
1937374	2612506_1	3	0.36363636363636365	0.36363636363636365
1937374	668694_4	2		
1937374	4181607_0	2		
1937374	2377595_3	2		
1937374	1881985_0	3	0.45454545454545453	0.3333333333333333
1937374	3028156_1	4	0.5454545454545454	0.375
1937374	2768539_1	2		
1937374	1937374_0	4	0.6363636363636364	0.3888888888888889
1937374	2768539_0	2		
1937374	3839032_1	1		
1937374	1627436_2	4	0.7272727272727273	0.38095238095238093
1937374	2251246_1	2		
1937374	1887207_4	4	0.8181818181818182	0.391304347826087
1937374	3085580_0	1		
1937374	1166941_1	1		
1937374	3593337_1	1		
1937374	1814059_0	1		
1937374	2855289_1	1		
1937374	3025260_1	1		
1937374	993930_4	1		
4377861	3940431_1	2		
4377861	4377861_1	4	0.25	0.5
4377861	4377861_2	4	0.5	0.6666666666666666
4377861	47821_2	2		
4377861	4377861_0	4	0.75	0.6
4377861	2369927_0	1		
4377861	1166941_1	1		
4377861	3593337_1	1		
4377861	1814059_0	1		
4377861	2855289_1	1		
4377861	3025260_1	1		
4377861	993930_4	1		
4377861	993930_6	1		
4377861	3154825_1	1		
4377861	3911772_2	1		
4377861	3264099_4	1		
4377861	1189138_4	1		
4377861	3087730_3	1		
4377861	2854662_2	1		
4377861	550353_0	1		
4377861	1351675_0	1		
4377861	1351675_1	1		
4377861	1351675_2	1		
4377861	1351675_3	1		
4377861	1888463_0	1		
4377861	641980_0	1		
4377861	641980_3	1		
4377861	4216080_1	1		
4377861	3226524_5	1		
4377861	3074426_2	1		
3385681	1786385_0	2		
3385681	1027890_3	1		
3385681	797333_5	1		
3385681	192207_3	2		
3385681	927273_9	1		
3385681	1161848_7	1		
3385681	461749_5	2		
3385681	3425218_6	1		
3385681	3385681_9	2		
3385681	3076949_10	1		
3385681	3477369_8	4	0.05555555555555555	0.09090909090909091
3385681	3385681_17	3	0.1111111111111111	0.16666666666666666
3385681	265377_0	1		
3385681	342943_10	4	0.16666666666666666	0.21428571428571427
3385681	3385681_19	2		
3385681	3385681_1	3	0.2222222222222222	0.25
3385681	2132167_10	2		
3385681	342943_3	2		
3385681	256524_0	1		
3385681	3385681_5	3	0.2777777777777778	0.25
3385681	3385681_22	2		
3385681	3385681_11	3	0.3333333333333333	0.2727272727272727
3385681	3425218_0	1		
3385681	394371_2	1		
3385681	1402231_0	1		
3385681	1698878_1	1		
3385681	3385681_0	4	0.3888888888888889	0.25925925925925924
3385681	1119420_5	1		
3385681	76436_3	1		
3385681	3870854_6	1		
1794677	909885_1	4	0.05	1.0
1794677	802803_2	2		
1794677	4043249_4	3	0.1	0.6666666666666666
1794677	1431349_1	4	0.15	0.75
1794677	1794677_2	4	0.2	0.8
1794677	3740539_1	3	0.25	0.8333333333333334
1794677	134818_2	2		
1794677	802803_4	4	0.3	0.75
1794677	2323970_0	3	0.35	0.7777777777777778
1794677	2131378_3	4	0.4	0.8
1794677	2390944_1	4	0.45	0.8181818181818182
1794677	2864267_1	1		
1794677	2794937_1	4	0.5	0.7692307692307693
1794677	2323970_1	4	0.55	0.7857142857142857
1794677	974438_4	3	0.6	0.8
1794677	711860_5	3	0.65	0.8125
1794677	433015_6	2		
1794677	1105845_15	1		
1794677	2005580_6	3	0.7	0.7368421052631579
1794677	2134540_3	2		
1794677	2925096_2	4	0.75	0.7142857142857143
1794677	1868446_1	1		
1794677	4190287_7	1		
1794677	1262692_2	1		
1794677	3872395_4	1		
1794677	3554263_2	1		
1794677	1794677_0	4	0.8	0.5925925925925926
1794677	3982441_0	4	0.85	0.6071428571428571
1794677	1262692_5	1		
1794677	3554263_3	1		
3301173	3301173_1	3	0.5	1.0
3301173	2360161_1	1		
3301173	3918272_4	1		
3301173	2360161_0	1		
3301173	2300405_11	2		
3301173	4433714_2	1		
3301173	216591_1	2		
3301173	2309148_0	2		
3301173	3779155_4	1		
3301173	4403555_1	1		
3301173	4198659_0	2		
3301173	1514827_7	1		
3301173	688359_5	1		
3301173	4018891_70	1		
3301173	3460106_6	1		
3301173	2479423_6	1		
3301173	216591_0	2		
3301173	2300405_17	2		
3301173	3301173_0	4	1.0	0.10526315789473684
3301173	70225_1	1		
3301173	1987580_1	1		
3301173	2803492_12	1		
3301173	2466842_0	1		
3301173	279339_0	2		
3301173	1792352_1	1		
3301173	1344730_1	1		
3301173	3275347_3	1		
3301173	172731_12	1		
3301173	4326990_0	1		
3301173	957296_4	2		
3960080	3960080_4	4	0.25	1.0
3960080	3960080_2	3	0.5	1.0
3960080	110916_2	2		
3960080	1680772_1	1		
3960080	3910705_9	2		
3960080	1045361_0	1		
3960080	2301754_5	1		
3960080	200712_2	1		
3960080	1802263_3	1		
3960080	3904252_0	2		
3960080	4215799_3	1		
3960080	2159248_16	2		
3960080	2732477_7	1		
3960080	3646403_2	2		
3960080	1734561_1	2		
3960080	2732477_0	2		
3960080	592364_3	1		
3960080	1300291_5	1		
3960080	2325953_9	1		
3960080	672045_2	2		
3960080	635857_6	2		
3960080	4348430_0	2		
3960080	3721778_7	1		
3960080	3960080_0	4	0.75	0.125
3960080	1578718_35	1		
3960080	1939732_3	2		
3960080	753026_6	1		
3960080	1316213_7	1		
3960080	2795030_5	1		
3960080	1492370_3	1		
1262692	866587_0	4	0.037037037037037035	1.0
1262692	99035_15	1		
1262692	3555026_11	1		
1262692	2560941_7	1		
1262692	919065_1	1		
1262692	1082990_5	1		
1262692	1308055_11	1		
1262692	922849_8	1		
1262692	2923156_4	1		
1262692	885617_2	1		
1262692	199158_5	1		
1262692	1588055_4	1		
1262692	4200715_1	3	0.07407407407407407	0.15384615384615385
1262692	2719866_0	3	0.1111111111111111	0.21428571428571427
1262692	2719866_2	2		
1262692	1681233_4	2		
1262692	2627795_2	1		
1262692	704120_0	3	0.14814814814814814	0.2222222222222222
1262692	968827_6	1		
1262692	812036_6	4	0.18518518518518517	0.25
1262692	1134300_1	3	0.2222222222222222	0.2857142857142857
1262692	2916758_0	3	0.25925925925925924	0.3181818181818182
1262692	1134300_0	2		
1262692	1499030_5	3	0.2962962962962963	0.3333333333333333
1262692	1105845_11	3	0.3333333333333333	0.36
1262692	1673450_2	1		
1262692	317469_9	3	0.37037037037037035	0.37037037037037035
1262692	1105845_15	3	0.4074074074074074	0.39285714285714285
1262692	1322615_1	3	0.4444444444444444	0.41379310344827586
1262692	2843594_2	1		
558570	558570_6	2		
558570	558570_2	4	0.1	0.5
558570	3703662_4	1		
558570	3040519_7	2		
558570	3040519_1	2		
558570	558570_13	3	0.2	0.3333333333333333
558570	4275012_13	2		
558570	2970919_5	2		
558570	3971195_3	1		
558570	2667973_0	2		
558570	2484180_7	2		
558570	1006553_6	1		
558570	3971195_26	1		
558570	1006553_4	1		
558570	558570_10	3	0.3	0.2
558570	1619157_1	2		
558570	3040519_4	3	0.4	0.23529411764705882
558570	1502604_1	1		
558570	4246221_15	1		
558570	2484180_4	1		
558570	3146069_12	1		
558570	4367654_5	1		
558570	2036065_1	1		
558570	4163358_12	1		
558570	1391529_13	2		
558570	2439990_1	1		
558570	558570_12	2		
558570	1391529_9	2		
558570	3971195_0	1		
558570	1879765_3	1		
1167882	1659164_1	1		
1167882	46875_16	1		
1167882	3143818_2	1		
1167882	2078427_4	2		
1167882	3091580_4	1		
1167882	1167882_2	2		
1167882	2305198_0	1		
1167882	3977645_5	1		
1167882	3633151_3	2		
1167882	3483686_5	1		
1167882	3324906_5	1		
1167882	3415293_8	1		
1167882	3130188_1	1		
1167882	2713263_5	1		
1167882	1258084_26	1		
1167882	2582920_14	1		
1167882	1212323_1	1		
1167882	4330060_0	1		
1167882	3389038_4	1		
1167882	1036545_1	1		
1167882	3832839_6	1		
1167882	2804395_3	1		
1167882	2977539_0	1		
1167882	1066150_2	1		
1167882	2597218_0	1		
1167882	1987580_1	1		
1167882	3547758_0	1		
1167882	811091_0	1		
1167882	4018891_50	1		
1167882	2619912_0	1		
3295055	3295055_0	3	0.08333333333333333	1.0
3295055	3378241_12	3	0.16666666666666666	1.0
3295055	3474226_2	3	0.25	1.0
3295055	3766794_1	3	0.3333333333333333	1.0
3295055	1767104_35	2		
3295055	2774257_1	4	0.4166666666666667	0.8333333333333334
3295055	1262692_3	1		
3295055	1383572_1	1		
3295055	3094055_4	3	0.5	0.6666666666666666
3295055	125974_3	1		
3295055	580714_0	1		
3295055	2045503_11	1		
3295055	1486348_0	1		
3295055	3832839_13	1		
3295055	3295055_2	4	0.5833333333333334	0.4666666666666667
3295055	852482_4	1		
3295055	2337810_6	1		
3295055	1046895_5	1		
3295055	3278803_3	2		
3295055	1282199_3	1		
3295055	2984222_5	2		
3295055	3440797_0	4	0.6666666666666666	0.36363636363636365
3295055	2819027_15	1		
3295055	3264650_6	1		
3295055	1292734_7	1		
3295055	3196461_1	2		
3295055	3324906_5	1		
3295055	2247892_3	1		
3295055	2561934_2	1		
3295055	421753_12	1		
100653	3186954_1	1		
100653	1000063_0	1		
100653	1814059_0	1		
100653	221513_0	1		
100653	1466730_14	2		
100653	1948316_0	2		
100653	3616874_1	4	0.1111111111111111	0.14285714285714285
100653	2706031_1	1		
100653	1260597_3	1		
100653	4276782_2	1		
100653	3460038_0	2		
100653	1022045_6	1		
100653	3587356_4	3	0.2222222222222222	0.15384615384615385
100653	903210_4	4	0.3333333333333333	0.21428571428571427
100653	1535994_0	1		
100653	2335842_1	2		
100653	2188785_0	1		
100653	199158_5	1		
100653	1251782_2	1		
100653	1581994_0	3	0.4444444444444444	0.2
100653	4367654_5	1		
100653	585390_0	2		
100653	2439990_1	1		
100653	158464_1	1		
100653	111526_5	1		
100653	2503069_1	1		
100653	2518087_12	2		
100653	100653_0	3	0.5555555555555556	0.17857142857142858
100653	650233_14	1		
100653	3992388_0	1		
2619912	354936_11	2		
2619912	42750_13	3	0.0625	0.5
2619912	487055_25	4	0.125	0.6666666666666666
2619912	1325977_13	2		
2619912	2394348_11	2		
2619912	4031851_10	4	0.1875	0.5
2619912	1258084_26	4	0.25	0.5714285714285714
2619912	4269882_12	2		
2619912	42750_25	2		
2619912	32011_5	3	0.3125	0.5
2619912	1919494_1	3	0.375	0.5454545454545454
2619912	4065374_15	2		
2619912	3874326_2	1		
2619912	3741453_16	4	0.4375	0.5
2619912	4074085_12	1		
2619912	1167882_0	1		
2619912	4453130_18	2		
2619912	4065374_10	2		
2619912	174372_12	2		
2619912	1340574_11	1		
2619912	1061393_15	3	0.5	0.38095238095238093
2619912	616554_23	1		
2619912	2788985_19	1		
2619912	1582877_8	1		
2619912	1575291_1	1		
2619912	1167882_6	1		
2619912	4031851_6	2		
2619912	2380990_15	1		
2619912	4406624_6	1		
2619912	2698803_13	1		
2592121	3313253_11	2		
2592121	2179993_2	2		
2592121	4195045_0	2		
2592121	218380_2	2		
2592121	3387586_1	4	0.14285714285714285	0.2
2592121	275185_1	2		
2592121	1684206_11	2		
2592121	403749_1	2		
2592121	2299281_4	2		
2592121	2604933_0	4	0.2857142857142857	0.2
2592121	3977959_4	1		
2592121	95225_0	2		
2592121	1895752_2	2		
2592121	2592121_1	2		
2592121	4276782_2	1		
2592121	3347704_1	2		
2592121	4302014_1	2		
2592121	1752934_3	2		
2592121	2684257_1	2		
2592121	3604312_5	3	0.42857142857142855	0.15
2592121	1638634_5	2		
2592121	1428446_0	2		
2592121	1782040_1	2		
2592121	1582877_7	1		
2592121	1752934_6	2		
2592121	4188646_2	2		
2592121	720103_2	1		
2592121	3304835_0	2		
2592121	31083_2	3	0.5714285714285714	0.13793103448275862
2592121	2592121_0	4	0.7142857142857143	0.16666666666666666
2182052	2182052_3	4	0.2	1.0
2182052	3491953_4	2		
2182052	1847448_5	1		
2182052	144229_4	1		
2182052	181119_97	2		
2182052	3143818_2	1		
2182052	104625_9	2		
2182052	1793190_1	2		
2182052	104625_0	2		
2182052	46875_16	1		
2182052	3977645_5	1		
2182052	123921_2	1		
2182052	1659164_1	1		
2182052	402514_4	1		
2182052	3324906_5	1		
2182052	2713263_5	1		
2182052	1793190_3	2		
2182052	2582920_14	1		
2182052	2078427_4	1		
2182052	3862956_12	2		
2182052	3832839_6	1		
2182052	2305198_0	1		
2182052	2804395_3	1		
2182052	104625_23	2		
2182052	2977539_0	1		
2182052	2597218_0	1		
2182052	3576159_3	1		
2182052	402514_1	1		
2182052	3803341_0	1		
2182052	3491953_5	2		
1623623	3255199_7	1		
1623623	2254953_4	2		
1623623	2704906_2	1		
1623623	1838330_2	4	0.07142857142857142	0.25
1623623	1838330_1	4	0.14285714285714285	0.4
1623623	2264846_0	4	0.21428571428571427	0.5
1623623	3752226_1	3	0.2857142857142857	0.5714285714285714
1623623	3033565_3	4	0.35714285714285715	0.625
1623623	537015_0	2		
1623623	3839032_1	3	0.42857142857142855	0.6
1623623	2974906_0	3	0.5	0.6363636363636364
1623623	4382889_24	1		
1623623	1174906_5	1		
1623623	4033117_4	3	0.5714285714285714	0.5714285714285714
1623623	3493286_6	3	0.6428571428571429	0.6
1623623	3902668_1	1		
1623623	3396066_9	1		
1623623	2987577_0	4	0.7142857142857143	0.5555555555555556
1623623	2466842_0	1		
1623623	922849_24	1		
1623623	1798931_0	1		
1623623	47875_3	1		
1623623	3396066_12	1		
1623623	753026_4	1		
1623623	753026_6	1		
1623623	3069217_0	1		
1623623	158155_2	1		
1623623	3456738_4	1		
1623623	115988_1	2		
1623623	2846621_6	1		
3078448	4143403_9	4	0.034482758620689655	1.0
3078448	128053_1	3	0.06896551724137931	1.0
3078448	3703048_0	2		
3078448	580714_0	2		
3078448	2529760_0	3	0.10344827586206896	0.6
3078448	793463_0	4	0.13793103448275862	0.6666666666666666
3078448	1015800_20	2		
3078448	2198611_7	1		
3078448	2649139_13	1		
3078448	742417_5	3	0.1724137931034483	0.5
3078448	3078448_1	4	0.20689655172413793	0.5454545454545454
3078448	4015240_3	1		
3078448	855741_0	1		
3078448	1338579_0	2		
3078448	1209792_7	4	0.2413793103448276	0.4666666666666667
3078448	3186063_2	4	0.27586206896551724	0.5
3078448	4210039_13	2		
3078448	793463_19	4	0.3103448275862069	0.5
3078448	2008017_1	1		
3078448	855741_1	1		
3078448	2360161_1	1		
3078448	793463_15	4	0.3448275862068966	0.45454545454545453
3078448	4406669_21	1		
3078448	2683964_0	2		
3078448	4464639_12	4	0.3793103448275862	0.44
3078448	3246439_0	1		
3078448	1209792_4	1		
3078448	4464639_32	3	0.41379310344827586	0.42857142857142855
3078448	4015240_4	1		
3078448	3186063_12	4	0.4482758620689655	0.43333333333333335
3074429	439043_5	2		
3074429	600468_1	2		
3074429	3515884_16	2		
3074429	1990217_1	2		
3074429	1310315_0	2		
3074429	3729758_8	2		
3074429	838540_7	2		
3074429	3280768_18	2		
3074429	3369088_2	4	0.07142857142857142	0.1111111111111111
3074429	3339774_3	3	0.14285714285714285	0.2
3074429	583197_1	2		
3074429	2427314_7	1		
3074429	4074085_12	2		
3074429	1210274_6	1		
3074429	4120781_2	3	0.21428571428571427	0.2
3074429	4458783_6	3	0.2857142857142857	0.25
3074429	1749971_6	2		
3074429	2763093_20	2		
3074429	1209329_5	1		
3074429	4374602_2	3	0.35714285714285715	0.25
3074429	1634822_11	2		
3074429	1230775_3	2		
3074429	2795030_0	1		
3074429	3074429_5	4	0.42857142857142855	0.25
3074429	2714532_13	2		
3074429	2327658_6	1		
3074429	1154000_13	3	0.5	0.25925925925925924
3074429	3074429_4	4	0.5714285714285714	0.2857142857142857
3074429	2022468_6	3	0.6428571428571429	0.3103448275862069
3074429	4360542_11	1		
1119420	2374434_10	2		
1119420	3165940_2	2		
1119420	1784267_3	1		
1119420	3165940_3	1		
1119420	3806679_3	4	0.08333333333333333	0.2
1119420	846925_3	2		
1119420	3635652_0	4	0.16666666666666666	0.2857142857142857
1119420	3165940_5	2		
1119420	3440185_6	2		
1119420	1119420_4	4	0.25	0.3
1119420	3165940_1	1		
1119420	3271422_3	2		
1119420	4196886_6	4	0.3333333333333333	0.3076923076923077
1119420	4185501_2	1		
1119420	1103849_2	2		
1119420	4122089_1	2		
1119420	1119420_2	3	0.4166666666666667	0.29411764705882354
1119420	1119420_5	2		
1119420	1119420_0	4	0.5	0.3157894736842105
1119420	3150074_6	2		
1119420	1546997_3	2		
1119420	3146069_12	1		
1119420	1817847_1	1		
1119420	4185501_4	1		
1119420	2276319_16	1		
1119420	172731_3	1		
1119420	2758239_2	3	0.5833333333333334	0.25925925925925924
1119420	2226426_2	1		
1119420	3382095_0	4	0.6666666666666666	0.27586206896551724
1119420	4151027_0	2		
1290612	971813_1	3	0.07692307692307693	1.0
1290612	1784252_4	2		
1290612	1782359_4	2		
1290612	1724160_11	2		
1290612	1290612_3	4	0.15384615384615385	0.4
1290612	7490_10	2		
1290612	971813_3	4	0.23076923076923078	0.42857142857142855
1290612	3940406_5	1		
1290612	1290612_5	4	0.3076923076923077	0.4444444444444444
1290612	909013_3	2		
1290612	2155384_11	4	0.38461538461538464	0.45454545454545453
1290612	3344442_4	2		
1290612	845711_0	3	0.46153846153846156	0.46153846153846156
1290612	3966063_0	2		
1290612	4387479_4	1		
1290612	4286095_21	2		
1290612	2482017_5	2		
1290612	1290612_2	2		
1290612	3966063_1	2		
1290612	1186189_13	2		
1290612	2285837_1	2		
1290612	3348959_1	3	0.5384615384615384	0.3181818181818182
1290612	1290612_0	2		
1290612	1910512_0	2		
1290612	1700886_18	2		
1290612	80273_4	1		
1290612	4286095_8	1		
1290612	971813_5	3	0.6153846153846154	0.2857142857142857
1290612	909013_0	4	0.6923076923076923	0.3103448275862069
1290612	1005351_4	2		
204963	332150_1	1		
204963	1784939_7	1		
204963	1922877_8	1		
204963	2146313_11	1		
204963	2674232_1	1		
204963	3399136_3	1		
204963	1110438_2	1		
204963	751_6	1		
204963	3873627_0	1		
204963	552511_4	1		
204963	1167882_5	1		
204963	1964316_5	1		
204963	1404624_3	1		
204963	3589229_12	1		
204963	474417_2	1		
204963	2173791_6	1		
204963	3499881_0	1		
204963	1035857_16	1		
204963	4274830_6	1		
204963	2607044_0	1		
204963	3171875_8	1		
204963	842869_9	1		
204963	922849_18	1		
204963	3280768_3	1		
204963	3255435_8	1		
204963	1510207_3	1		
204963	1702151_2	1		
204963	1585785_0	1		
204963	1444008_1	1		
204963	714612_6	1		
4367654	3507491_2	1		
4367654	1972970_6	1		
4367654	3225840_1	1		
4367654	3225840_3	1		
4367654	3225840_5	1		
4367654	3225840_2	1		
4367654	1972970_3	2		
4367654	859784_1	1		
4367654	3225840_10	1		
4367654	4239397_0	1		
4367654	1461587_6	2		
4367654	3070787_1	1		
4367654	3376619_12	1		
4367654	3681542_9	2		
4367654	479491_0	1		
4367654	1862777_1	1		
4367654	2534403_0	1		
4367654	1461587_0	3	0.14285714285714285	0.05555555555555555
4367654	1016733_2	1		
4367654	609370_6	1		
4367654	2864267_1	1		
4367654	1839970_13	1		
4367654	1340574_2	1		
4367654	1708313_5	2		
4367654	4367654_0	4	0.2857142857142857	0.08
4367654	456214_2	1		
4367654	3614661_0	1		
4367654	3507491_9	1		
4367654	3763316_0	2		
4367654	3507491_1	1		
3639660	3385681_2	1		
3639660	3385681_3	1		
3639660	3639660_3	2		
3639660	3385681_9	1		
3639660	1292734_2	1		
3639660	3385681_21	1		
3639660	3042258_0	1		
3639660	1623623_0	1		
3639660	1165370_9	2		
3639660	3361764_3	1		
3639660	3639660_5	3	0.2	0.09090909090909091
3639660	3639660_1	2		
3639660	1165231_4	1		
3639660	420069_3	1		
3639660	3059561_5	1		
3639660	3006100_2	2		
3639660	2218314_1	1		
3639660	3490578_5	1		
3639660	1292734_20	1		
3639660	3385681_20	1		
3639660	1588055_4	1		
3639660	3565334_12	1		
3639660	3150262_0	2		
3639660	1623623_2	1		
3639660	104625_14	1		
3639660	2660376_6	1		
3639660	2393376_0	3	0.4	0.07407407407407407
3639660	1470267_7	2		
3639660	3319679_7	3	0.6	0.10344827586206896
3639660	1254719_1	1		
1015624	1808671_4	2		
1015624	2553965_5	2		
1015624	489357_6	2		
1015624	3241225_0	2		
1015624	2553965_3	4	0.09090909090909091	0.2
1015624	2553965_10	4	0.18181818181818182	0.3333333333333333
1015624	2553965_2	4	0.2727272727272727	0.42857142857142855
1015624	3479795_3	3	0.36363636363636365	0.5
1015624	3921805_9	4	0.45454545454545453	0.5555555555555556
1015624	489357_7	2		
1015624	2553965_1	4	0.5454545454545454	0.5454545454545454
1015624	2553965_0	4	0.6363636363636364	0.5833333333333334
1015624	2553965_8	4	0.7272727272727273	0.6153846153846154
1015624	3479795_6	2		
1015624	2291272_1	1		
1015624	3479795_2	4	0.8181818181818182	0.5625
1015624	2291272_12	1		
1015624	1114110_13	1		
1015624	2115670_6	2		
1015624	2190298_17	2		
1015624	1325977_13	1		
1015624	3499881_1	1		
1015624	4116278_3	1		
1015624	2291272_2	1		
1015624	1015624_0	4	0.9090909090909091	0.4
1015624	369616_4	1		
1015624	2898908_10	1		
1015624	1292734_6	1		
1015624	922849_23	1		
1015624	2352161_1	1		
1082595	1082595_1	2		
1082595	2848781_2	3	0.1	0.5
1082595	64761_0	2		
1082595	3496219_1	4	0.2	0.5
1082595	1082595_2	4	0.3	0.6
1082595	3038038_0	4	0.4	0.6666666666666666
1082595	2785567_3	3	0.5	0.7142857142857143
1082595	1004200_0	3	0.6	0.75
1082595	1634544_0	2		
1082595	896169_0	2		
1082595	1080525_1	2		
1082595	2268490_2	3	0.7	0.5833333333333334
1082595	2007428_0	2		
1082595	1874881_5	2		
1082595	1082595_0	4	0.8	0.5333333333333333
1082595	1874881_7	3	0.9	0.5625
1082595	3883402_1	2		
1082595	4256593_1	1		
1082595	2831580_0	1		
1082595	3384601_0	1		
1082595	1734200_3	4	1.0	0.47619047619047616
1082595	4011933_7	1		
1082595	1301174_0	1		
1082595	3455905_3	1		
1082595	1798931_0	1		
1082595	1957887_2	1		
1082595	89648_9	1		
1082595	1453706_9	1		
1082595	1016733_0	1		
1082595	3368975_14	1		
3239329	3685035_20	1		
3239329	3124555_3	1		
3239329	3538240_5	1		
3239329	3665231_23	2		
3239329	3538240_9	1		
3239329	2562102_1	2		
3239329	1172582_10	2		
3239329	3239329_4	2		
3239329	3688129_5	1		
3239329	75911_10	1		
3239329	2667024_0	1		
3239329	2900792_15	1		
3239329	4981_22	2		
3239329	4981_10	1		
3239329	2265050_13	1		
3239329	3087802_7	1		
3239329	862822_3	1		
3239329	2509851_1	1		
3239329	2310615_15	1		
3239329	862822_8	2		
3239329	3239329_7	4	0.14285714285714285	0.047619047619047616
3239329	2592852_0	1		
3239329	1028133_0	1		
3239329	2360161_0	1		
3239329	312215_8	1		
3239329	3239329_1	4	0.2857142857142857	0.07692307692307693
3239329	2265050_12	1		
3239329	4311093_4	1		
3239329	1067083_5	1		
3239329	827475_3	1		
3874326	3146069_12	3	0.125	1.0
3874326	1817847_1	2		
3874326	76436_3	2		
3874326	1404624_3	2		
3874326	1001002_9	1		
3874326	3381250_22	2		
3874326	3146069_5	4	0.25	0.2857142857142857
3874326	3990014_2	1		
3874326	3778999_4	2		
3874326	4279699_1	1		
3874326	3394824_7	3	0.375	0.2727272727272727
3874326	1054210_4	1		
3874326	1983610_10	1		
3874326	3874326_6	3	0.5	0.2857142857142857
3874326	365592_0	1		
3874326	1135134_14	1		
3874326	3979626_9	3	0.625	0.29411764705882354
3874326	1267136_2	1		
3874326	3317208_8	1		
3874326	2012175_4	1		
3874326	3165940_2	1		
3874326	2594000_0	1		
3874326	857510_7	1		
3874326	1710501_1	1		
3874326	3282791_24	1		
3874326	4279699_9	1		
3874326	3165940_5	1		
3874326	936529_10	1		
3874326	3874326_4	3	0.75	0.20689655172413793
3874326	3381250_9	1		
1254390	855741_7	2		
1254390	128053_1	1		
1254390	3246439_0	4	0.0625	0.3333333333333333
1254390	793463_0	1		
1254390	2198611_7	2		
1254390	2649139_13	2		
1254390	3703048_0	1		
1254390	3078448_1	1		
1254390	4015240_2	2		
1254390	3186063_12	4	0.125	0.2
1254390	4015240_3	2		
1254390	855741_0	2		
1254390	2954056_4	4	0.1875	0.23076923076923078
1254390	1209792_7	4	0.25	0.2857142857142857
1254390	1338579_0	1		
1254390	1209792_4	3	0.3125	0.3125
1254390	3957422_3	1		
1254390	2008017_1	1		
1254390	855741_1	1		
1254390	1254390_3	3	0.375	0.3
1254390	4406669_21	1		
1254390	1015800_20	1		
1254390	1509616_1	3	0.4375	0.30434782608695654
1254390	4015240_4	2		
1254390	4143403_9	1		
1254390	4406669_5	1		
1254390	3711329_3	3	0.5	0.2962962962962963
1254390	3680730_10	3	0.5625	0.32142857142857145
1254390	3578312_3	2		
1254390	2008017_0	1		
4018891	592364_3	1		
4018891	1300291_5	1		
4018891	2325953_9	1		
4018891	4018891_24	1		
4018891	4018891_71	4	0.02857142857142857	0.2
4018891	4018891_0	4	0.05714285714285714	0.3333333333333333
4018891	938564_8	1		
4018891	1395675_0	1		
4018891	1015398_8	1		
4018891	1497821_2	1		
4018891	3269522_5	1		
4018891	4018891_33	2		
4018891	4018891_53	2		
4018891	4018891_42	4	0.08571428571428572	0.21428571428571427
4018891	4018891_34	2		
4018891	2290758_3	1		
4018891	4018891_9	2		
4018891	4018891_4	2		
4018891	849221_10	1		
4018891	2443586_10	1		
4018891	4018891_30	2		
4018891	176869_6	2		
4018891	4018891_67	1		
4018891	3998437_3	1		
4018891	2380990_11	1		
4018891	3338514_7	1		
4018891	4018891_32	2		
4018891	3674432_11	1		
4018891	176869_7	2		
4018891	1010128_1	1		
3552010	545641_5	1		
3552010	244986_4	2		
3552010	3552010_6	3	0.09090909090909091	0.3333333333333333
3552010	1732085_12	2		
3552010	477064_10	4	0.18181818181818182	0.4
3552010	3186995_3	2		
3552010	596426_6	2		
3552010	1821193_9	1		
3552010	1582877_19	1		
3552010	1005351_4	1		
3552010	1944018_22	1		
3552010	3087730_3	2		
3552010	616554_7	1		
3552010	2278645_6	2		
3552010	1458125_1	2		
3552010	1677336_1	2		
3552010	3612799_2	1		
3552010	1677336_20	2		
3552010	4292058_0	2		
3552010	1211953_0	1		
3552010	1777299_4	1		
3552010	3552010_2	4	0.2727272727272727	0.13636363636363635
3552010	3086320_0	1		
3552010	347611_0	1		
3552010	3552010_4	3	0.36363636363636365	0.16
3552010	2429491_6	1		
3552010	1814059_0	1		
3552010	2094461_8	2		
3552010	3640705_1	1		
3552010	2429491_4	1		
1968489	2803492_8	2		
1968489	4425036_2	2		
1968489	2803492_9	2		
1968489	3425445_3	2		
1968489	1594712_1	2		
1968489	858484_0	2		
1968489	2956776_0	2		
1968489	224270_3	2		
1968489	2803492_14	3	0.1	0.1111111111111111
1968489	4018891_69	1		
1968489	1254896_1	2		
1968489	270342_3	4	0.2	0.16666666666666666
1968489	587929_0	2		
1968489	4065263_6	2		
1968489	159716_0	1		
1968489	1051047_1	2		
1968489	3593337_1	1		
1968489	3358670_7	4	0.3	0.16666666666666666
1968489	4065263_4	2		
1968489	2074044_3	1		
1968489	2762709_1	2		
1968489	2380990_4	1		
1968489	4018891_55	1		
1968489	3534677_11	1		
1968489	2535475_5	1		
1968489	1399727_3	3	0.4	0.15384615384615385
1968489	1105845_11	1		
1968489	2803492_1	1		
1968489	3819329_3	1		
1968489	2640389_1	1		
443848	874916_2	2		
443848	1623802_15	2		
443848	1623802_12	2		
443848	2678635_2	2		
443848	592364_3	1		
443848	1300291_5	1		
443848	2325953_9	1		
443848	874916_0	2		
443848	3746693_1	4	0.1111111111111111	0.1111111111111111
443848	938564_8	1		
443848	3904757_5	1		
443848	874916_4	2		
443848	1206508_12	1		
443848	751_6	1		
443848	1015398_8	1		
443848	2627678_5	1		
443848	3507491_4	1		
443848	2814599_2	1		
443848	3269522_5	1		
443848	1623802_4	2		
443848	443848_1	4	0.2222222222222222	0.09523809523809523
443848	176473_23	2		
443848	2290758_3	1		
443848	1957235_1	1		
443848	1167882_5	1		
443848	4018891_9	1		
443848	2061424_6	1		
443848	849221_10	1		
443848	3589229_12	1		
443848	821387_16	1		
2180086	1212448_5	2		
2180086	1166941_1	1		
2180086	3593337_1	1		
2180086	1814059_0	1		
2180086	2855289_1	1		
2180086	3025260_1	1		
2180086	993930_4	1		
2180086	993930_6	1		
2180086	3154825_1	1		
2180086	3911772_2	1		
2180086	3264099_4	1		
2180086	1189138_4	1		
2180086	3087730_3	1		
2180086	2854662_2	1		
2180086	550353_0	1		
2180086	1351675_0	1		
2180086	1351675_1	1		
2180086	1351675_2	1		
2180086	1351675_3	1		
2180086	1888463_0	1		
2180086	641980_0	1		
2180086	641980_3	1		
2180086	4216080_1	1		
2180086	3226524_5	1		
2180086	3074426_2	1		
2180086	2143798_0	1		
2180086	1881985_0	1		
2180086	4047045_0	1		
2180086	122136_0	1		
2180086	1443498_0	1		
34041	3123658_3	4	0.043478260869565216	1.0
34041	2668911_14	4	0.08695652173913043	1.0
34041	3191401_0	2		
34041	2897078_1	2		
34041	2617887_6	4	0.13043478260869565	0.6
34041	2668911_2	4	0.17391304347826086	0.6666666666666666
34041	1296683_4	2		
34041	3123658_4	4	0.21739130434782608	0.625
34041	3753240_1	4	0.2608695652173913	0.6666666666666666
34041	34041_3	4	0.30434782608695654	0.7
34041	3753240_2	4	0.34782608695652173	0.7272727272727273
34041	3123658_0	2		
34041	34041_5	4	0.391304347826087	0.6923076923076923
34041	34041_7	4	0.43478260869565216	0.7142857142857143
34041	3427520_1	4	0.4782608695652174	0.7333333333333333
34041	34041_8	3	0.5217391304347826	0.75
34041	3810824_3	2		
34041	1824282_0	3	0.5652173913043478	0.7222222222222222
34041	3497946_2	4	0.6086956521739131	0.7368421052631579
34041	34041_0	3	0.6521739130434783	0.75
34041	3651178_0	2		
34041	1606906_2	4	0.6956521739130435	0.7272727272727273
34041	3191401_6	3	0.7391304347826086	0.7391304347826086
34041	2668911_13	3	0.782608695652174	0.75
34041	3753240_0	3	0.8260869565217391	0.76
34041	34041_9	4	0.8695652173913043	0.7692307692307693
34041	3618486_0	2		
34041	271592_0	1		
34041	34041_6	4	0.9130434782608695	0.7241379310344828
34041	34041_1	2		
229303	1930928_1	2		
229303	2020678_10	3	0.05555555555555555	0.5
229303	517692_8	4	0.1111111111111111	0.6666666666666666
229303	2773889_0	3	0.16666666666666666	0.75
229303	3560813_11	3	0.2222222222222222	0.8
229303	2900405_19	1		
229303	661532_6	2		
229303	988600_7	3	0.2777777777777778	0.625
229303	2309774_10	1		
229303	2679009_2	3	0.3333333333333333	0.6
229303	2158816_1	3	0.3888888888888889	0.6363636363636364
229303	2309774_18	1		
229303	2188251_4	4	0.4444444444444444	0.6153846153846154
229303	2207257_2	1		
229303	2900405_12	1		
229303	232795_4	1		
229303	347645_2	2		
229303	2020678_9	4	0.5	0.5
229303	2407047_3	1		
229303	4075943_3	2		
229303	229303_7	3	0.5555555555555556	0.47619047619047616
229303	2425212_0	3	0.6111111111111112	0.5
229303	3141496_7	4	0.6666666666666666	0.5217391304347826
229303	1876468_1	2		
229303	310696_1	1		
229303	2309774_17	1		
229303	255879_11	1		
229303	2949791_3	2		
229303	2309774_19	1		
229303	3141496_14	3	0.7222222222222222	0.43333333333333335
2446614	4387291_5	4	0.043478260869565216	1.0
2446614	1297885_12	2		
2446614	2446614_8	2		
2446614	2655489_0	3	0.08695652173913043	0.5
2446614	1850683_1	2		
2446614	2446614_5	4	0.13043478260869565	0.5
2446614	4387291_16	3	0.17391304347826086	0.5714285714285714
2446614	1394986_6	4	0.21739130434782608	0.625
2446614	3780553_1	2		
2446614	1787563_1	3	0.2608695652173913	0.6
2446614	3952836_1	3	0.30434782608695654	0.6363636363636364
2446614	1408062_10	3	0.34782608695652173	0.6666666666666666
2446614	488304_18	2		
2446614	2615739_0	2		
2446614	2446614_10	3	0.391304347826087	0.6
2446614	1408062_11	2		
2446614	311770_5	3	0.43478260869565216	0.5882352941176471
2446614	2446614_3	4	0.4782608695652174	0.6111111111111112
2446614	2655489_3	1		
2446614	3826926_1	4	0.5217391304347826	0.6
2446614	2344361_5	2		
2446614	3847390_10	4	0.5652173913043478	0.5909090909090909
2446614	10393_1	4	0.6086956521739131	0.6086956521739131
2446614	1996396_4	1		
2446614	3007908_1	2		
2446614	1672947_9	3	0.6521739130434783	0.5769230769230769
2446614	2446614_7	4	0.6956521739130435	0.5925925925925926
2446614	2765626_0	3	0.7391304347826086	0.6071428571428571
2446614	2551845_6	1		
2446614	311770_0	1		
654124	3990512_2	2		
654124	2473090_3	2		
654124	332116_0	3	0.058823529411764705	0.3333333333333333
654124	311770_1	2		
654124	85711_3	2		
654124	4424647_3	2		
654124	1694609_1	2		
654124	311770_5	1		
654124	3146001_6	3	0.11764705882352941	0.2222222222222222
654124	3752226_1	1		
654124	3146001_1	4	0.17647058823529413	0.2727272727272727
654124	4185501_12	1		
654124	735552_0	2		
654124	1082595_0	1		
654124	1582877_15	1		
654124	3425445_3	1		
654124	2442758_0	1		
654124	100653_0	1		
654124	1984512_0	3	0.23529411764705882	0.21052631578947367
654124	654124_3	3	0.29411764705882354	0.25
654124	99379_0	1		
654124	4424647_2	3	0.35294117647058826	0.2727272727272727
654124	2028407_0	3	0.4117647058823529	0.30434782608695654
654124	2034775_4	2		
654124	2296382_0	1		
654124	2028407_5	3	0.47058823529411764	0.3076923076923077
654124	2477540_2	3	0.5294117647058824	0.3333333333333333
654124	2764765_5	3	0.5882352941176471	0.35714285714285715
654124	4347198_0	4	0.6470588235294118	0.3793103448275862
654124	1477322_0	1		
4012558	1033025_0	3	0.07692307692307693	1.0
4012558	4173985_4	2		
4012558	922849_22	1		
4012558	1790576_2	1		
4012558	2656125_0	4	0.15384615384615385	0.4
4012558	3995844_4	4	0.23076923076923078	0.5
4012558	178242_4	2		
4012558	178242_1	2		
4012558	1477322_4	1		
4012558	2443586_10	1		
4012558	2977539_0	2		
4012558	3698636_3	1		
4012558	3095740_3	3	0.3076923076923077	0.3076923076923077
4012558	250848_9	1		
4012558	821387_20	1		
4012558	4132763_5	2		
4012558	3874326_0	1		
4012558	1715937_5	1		
4012558	919065_1	1		
4012558	3978312_0	4	0.38461538461538464	0.25
4012558	1926712_3	1		
4012558	2678835_2	2		
4012558	1841876_0	1		
4012558	1702151_3	1		
4012558	4002710_6	1		
4012558	2665820_0	1		
4012558	2443586_4	1		
4012558	2739338_2	3	0.46153846153846156	0.21428571428571427
4012558	849221_3	1		
4012558	2239493_8	4	0.5384615384615384	0.23333333333333334
922849	4317770_7	2		
922849	1787414_2	2		
922849	922849_7	2		
922849	922849_31	3	0.04	0.25
922849	4211335_3	1		
922849	3480363_3	4	0.08	0.3333333333333333
922849	1402231_0	2		
922849	922849_36	3	0.12	0.375
922849	76436_3	1		
922849	922849_13	3	0.16	0.4
922849	149081_8	4	0.2	0.45454545454545453
922849	4253093_0	2		
922849	922849_26	4	0.24	0.46153846153846156
922849	3986464_10	4	0.28	0.5
922849	2145892_14	1		
922849	2642336_6	4	0.32	0.5
922849	1912512_14	1		
922849	923995_2	2		
922849	738661_3	1		
922849	4104543_4	3	0.36	0.45
922849	858924_7	3	0.4	0.47619047619047616
922849	2560941_7	1		
922849	1430897_2	2		
922849	3171846_0	3	0.44	0.4583333333333333
922849	3282791_24	1		
922849	1007413_2	1		
922849	3594006_2	1		
922849	3146069_12	1		
922849	3071469_14	1		
922849	1892884_19	3	0.48	0.4
2976644	2976644_0	4	0.1	1.0
2976644	929241_1	1		
2976644	3611744_5	2		
2976644	1440110_20	2		
2976644	4226760_9	1		
2976644	3136314_1	2		
2976644	2834368_0	2		
2976644	4003022_2	2		
2976644	2976644_4	4	0.2	0.2222222222222222
2976644	2976644_7	4	0.3	0.3
2976644	1806806_3	1		
2976644	1596847_0	1		
2976644	4003022_0	2		
2976644	4144330_1	4	0.4	0.2857142857142857
2976644	2976644_8	4	0.5	0.3333333333333333
2976644	184282_0	4	0.6	0.375
2976644	1009842_0	1		
2976644	2632613_2	1		
2976644	3172_2	4	0.7	0.3684210526315789
2976644	2976644_3	2		
2976644	4333355_2	2		
2976644	3614208_5	1		
2976644	1166941_1	1		
2976644	3593337_1	1		
2976644	1814059_0	1		
2976644	2855289_1	1		
2976644	3025260_1	1		
2976644	993930_4	1		
2976644	993930_6	1		
2976644	3154825_1	1		
4467100	332150_1	1		
4467100	1784939_7	1		
4467100	1922877_8	1		
4467100	2146313_11	1		
4467100	2674232_1	1		
4467100	3399136_3	1		
4467100	1110438_2	1		
4467100	751_6	1		
4467100	3873627_0	1		
4467100	552511_4	2		
4467100	1167882_5	1		
4467100	1964316_5	1		
4467100	1404624_3	1		
4467100	3589229_12	1		
4467100	474417_2	1		
4467100	2173791_6	1		
4467100	3499881_0	1		
4467100	1035857_16	1		
4467100	4274830_6	1		
4467100	2607044_0	1		
4467100	3171875_8	1		
4467100	842869_9	1		
4467100	922849_18	1		
4467100	3280768_3	1		
4467100	3255435_8	1		
4467100	1510207_3	1		
4467100	1702151_2	1		
4467100	1585785_0	1		
4467100	1444008_1	1		
4467100	714612_6	1		
2551845	3074429_2	1		
2551845	2710133_6	2		
2551845	1777969_3	1		
2551845	2400150_23	2		
2551845	55103_3	1		
2551845	3717794_0	1		
2551845	4360542_11	2		
2551845	2439872_16	2		
2551845	199158_5	1		
2551845	3982394_9	2		
2551845	111526_5	1		
2551845	232795_4	3	0.07692307692307693	0.08333333333333333
2551845	3655919_18	2		
2551845	1215060_12	1		
2551845	3621107_1	1		
2551845	3459650_5	3	0.15384615384615385	0.125
2551845	4449727_6	2		
2551845	3061093_2	2		
2551845	3957314_0	1		
2551845	4246149_2	2		
2551845	3136566_1	1		
2551845	1115338_0	1		
2551845	650233_14	1		
2551845	3992388_0	1		
2551845	2600828_5	2		
2551845	1340574_5	1		
2551845	1406531_4	1		
2551845	2983072_1	1		
2551845	2757296_3	2		
2551845	3239329_2	1		
3559048	3559048_6	4	0.07142857142857142	1.0
3559048	3694423_2	2		
3559048	456343_1	2		
3559048	3559048_9	3	0.14285714285714285	0.5
3559048	1999015_2	3	0.21428571428571427	0.6
3559048	1363414_3	2		
3559048	3559048_5	3	0.2857142857142857	0.5714285714285714
3559048	3896879_7	3	0.35714285714285715	0.625
3559048	3559048_11	4	0.42857142857142855	0.6666666666666666
3559048	661584_6	1		
3559048	3559048_2	4	0.5	0.6363636363636364
3559048	3559048_10	4	0.5714285714285714	0.6666666666666666
3559048	3559048_0	4	0.6428571428571429	0.6923076923076923
3559048	1674088_11	1		
3559048	429066_5	1		
3559048	3559048_4	2		
3559048	3896879_12	4	0.7142857142857143	0.5882352941176471
3559048	3482928_8	4	0.7857142857142857	0.6111111111111112
3559048	3559048_3	3	0.8571428571428571	0.631578947368421
3559048	3385681_4	1		
3559048	997038_3	1		
3559048	2783398_6	1		
3559048	3510958_0	1		
3559048	2049969_0	2		
3559048	746975_2	1		
3559048	1847289_1	1		
3559048	2118381_4	2		
3559048	3559048_1	3	0.9285714285714286	0.4642857142857143
3559048	1880300_3	1		
3559048	4209320_0	1		
823384	437230_2	1		
823384	3596069_2	2		
823384	3425291_4	1		
823384	3242284_2	1		
823384	4450746_1	1		
823384	4377900_17	1		
823384	1062302_2	1		
823384	2797680_6	2		
823384	4456104_9	2		
823384	1662210_4	1		
823384	1397736_3	1		
823384	1968489_1	1		
823384	1702151_3	1		
823384	823384_4	4	0.25	0.07142857142857142
823384	823384_2	3	0.5	0.13333333333333333
823384	1736583_1	1		
823384	578911_2	1		
823384	2318465_1	1		
823384	1548030_1	1		
823384	78762_0	1		
823384	377256_22	1		
823384	1743172_0	1		
823384	2121663_0	1		
823384	4098021_4	2		
823384	1882289_7	2		
823384	2534402_13	1		
823384	4323405_0	1		
823384	3507491_15	1		
823384	676028_2	1		
823384	1155514_6	1		
849221	2186958_11	2		
849221	2059533_10	4	0.05555555555555555	0.5
849221	849221_7	3	0.1111111111111111	0.6666666666666666
849221	852628_1	2		
849221	3340360_6	1		
849221	2108638_0	4	0.16666666666666666	0.5
849221	2062189_2	2		
849221	849221_2	2		
849221	4346633_4	2		
849221	3339774_1	1		
849221	3339774_4	2		
849221	76436_3	1		
849221	1326934_4	3	0.2222222222222222	0.3076923076923077
849221	716987_1	1		
849221	1550190_8	2		
849221	2478511_0	2		
849221	3449576_11	3	0.2777777777777778	0.29411764705882354
849221	2590595_1	1		
849221	2797224_4	1		
849221	1152934_8	1		
849221	3338514_7	1		
849221	1947254_13	1		
849221	3874326_7	1		
849221	2145892_14	1		
849221	2960653_8	1		
849221	2815090_1	1		
849221	1420339_34	1		
849221	778164_2	1		
849221	849221_12	1		
849221	3507491_8	1		
2847807	99035_15	1		
2847807	3555026_11	4	0.047619047619047616	0.5
2847807	2560941_7	2		
2847807	919065_1	1		
2847807	1082990_5	1		
2847807	1308055_11	1		
2847807	922849_8	1		
2847807	2923156_4	1		
2847807	885617_2	1		
2847807	199158_5	1		
2847807	1588055_4	1		
2847807	2627795_2	1		
2847807	3323179_4	4	0.09523809523809523	0.15384615384615385
2847807	968827_6	1		
2847807	1065959_3	4	0.14285714285714285	0.2
2847807	1673450_2	4	0.19047619047619047	0.25
2847807	866587_0	1		
2847807	2843594_2	4	0.23809523809523808	0.2777777777777778
2847807	1496019_1	1		
2847807	3288199_16	4	0.2857142857142857	0.3
2847807	1046983_15	3	0.3333333333333333	0.3333333333333333
2847807	3578681_0	1		
2847807	497709_4	1		
2847807	276633_10	1		
2847807	3323179_0	3	0.38095238095238093	0.32
2847807	3152320_20	1		
2847807	2585846_1	1		
2847807	1673450_4	1		
2847807	1287667_3	1		
2847807	821387_11	1		
2018562	2509689_6	2		
2018562	2018562_2	4	0.09090909090909091	0.5
2018562	2548275_3	2		
2018562	2018562_8	2		
2018562	143003_0	1		
2018562	3703662_30	2		
2018562	3146069_12	1		
2018562	1817847_1	1		
2018562	1404624_3	1		
2018562	3165940_1	1		
2018562	2637673_2	1		
2018562	2018562_1	3	0.18181818181818182	0.16666666666666666
2018562	3165940_2	1		
2018562	3165940_5	1		
2018562	2955553_2	1		
2018562	751_6	1		
2018562	4018891_19	1		
2018562	3059561_5	1		
2018562	4196886_6	1		
2018562	975675_3	1		
2018562	3990014_2	1		
2018562	1855406_10	1		
2018562	3165940_3	1		
2018562	76436_3	1		
2018562	1931891_13	4	0.2727272727272727	0.12
2018562	1736988_1	2		
2018562	1001002_9	1		
2018562	3317208_8	1		
2018562	33752_3	1		
2018562	1373069_4	1		
1035857	131584_10	3	0.0625	1.0
1035857	1035857_15	2		
1035857	2583102_5	3	0.125	0.6666666666666666
1035857	217618_4	2		
1035857	131584_1	2		
1035857	2551845_7	1		
1035857	1035857_9	2		
1035857	859319_0	1		
1035857	1035857_11	3	0.1875	0.3333333333333333
1035857	3381869_3	2		
1035857	1035857_18	3	0.25	0.36363636363636365
1035857	1035857_0	4	0.3125	0.4166666666666667
1035857	3560813_1	3	0.375	0.46153846153846156
1035857	3795720_14	1		
1035857	1272714_1	4	0.4375	0.4666666666666667
1035857	1427487_0	3	0.5	0.5
1035857	4030872_8	1		
1035857	2437022_8	1		
1035857	1035857_7	2		
1035857	3036614_0	2		
1035857	2722241_9	1		
1035857	2551845_15	1		
1035857	714612_6	1		
1035857	2551845_10	1		
1035857	255879_8	1		
1035857	2522067_31	4	0.5625	0.34615384615384615
1035857	1035857_10	2		
1035857	1408209_1	1		
1035857	1675113_3	1		
1035857	2534402_23	2		
2008017	1983610_10	2		
2008017	2198611_7	1		
2008017	2649139_13	1		
2008017	2008017_1	4	0.09090909090909091	0.25
2008017	855741_0	1		
2008017	4015240_3	2		
2008017	4396202_1	1		
2008017	3146069_12	1		
2008017	1817847_1	1		
2008017	76436_3	1		
2008017	2008017_10	3	0.18181818181818182	0.18181818181818182
2008017	1983610_15	2		
2008017	4015240_4	2		
2008017	855741_9	1		
2008017	855741_7	1		
2008017	1404624_3	1		
2008017	3451762_4	4	0.2727272727272727	0.17647058823529413
2008017	365592_0	4	0.36363636363636365	0.2222222222222222
2008017	3680730_10	1		
2008017	855741_1	2		
2008017	3452712_12	2		
2008017	1001002_9	1		
2008017	758816_8	1		
2008017	3146069_5	1		
2008017	2594000_0	1		
2008017	857510_7	1		
2008017	3394824_7	1		
2008017	3282791_24	3	0.45454545454545453	0.17857142857142858
2008017	4015240_2	1		
2008017	3381250_22	1		
1862795	1014001_5	2		
1862795	2265726_26	2		
1862795	484496_1	1		
1862795	739219_3	1		
1862795	751_6	1		
1862795	836743_0	2		
1862795	1112664_2	4	0.2	0.14285714285714285
1862795	1265955_0	1		
1862795	2949791_3	1		
1862795	3409233_14	1		
1862795	1167882_5	1		
1862795	1097986_0	1		
1862795	2795030_0	1		
1862795	2931609_3	1		
1862795	2142044_3	1		
1862795	3589229_12	1		
1862795	2265050_13	1		
1862795	3499881_0	1		
1862795	3547109_9	1		
1862795	2643507_2	1		
1862795	2839050_1	2		
1862795	502093_2	1		
1862795	3171875_8	1		
1862795	960061_9	2		
1862795	1212803_0	1		
1862795	2800339_2	1		
1862795	2713263_22	1		
1862795	2072335_15	1		
1862795	3154825_1	1		
1862795	2773735_5	1		
421753	99035_15	1		
421753	131695_9	1		
421753	1744720_1	2		
421753	3555026_11	1		
421753	2560941_7	1		
421753	3438374_14	2		
421753	971945_0	2		
421753	919065_1	1		
421753	1082990_5	1		
421753	1308055_11	1		
421753	922849_8	1		
421753	2923156_4	1		
421753	885617_2	1		
421753	199158_5	1		
421753	421753_7	4	0.045454545454545456	0.06666666666666667
421753	1588055_4	1		
421753	3192504_1	1		
421753	1986592_9	2		
421753	2627795_2	1		
421753	2266712_3	4	0.09090909090909091	0.1
421753	968827_6	1		
421753	157747_4	3	0.13636363636363635	0.13636363636363635
421753	2472054_4	3	0.18181818181818182	0.17391304347826086
421753	1028133_3	3	0.22727272727272727	0.20833333333333334
421753	1673450_2	1		
421753	421753_12	2		
421753	866587_0	1		
421753	2843594_2	1		
421753	1496019_1	1		
421753	4475354_0	2		
1477322	1477322_0	4	0.1	1.0
1477322	4211335_3	1		
1477322	2008017_10	1		
1477322	3381250_9	1		
1477322	394371_2	1		
1477322	1922877_8	1		
1477322	2146313_11	1		
1477322	76436_3	1		
1477322	1787414_2	1		
1477322	2191261_3	2		
1477322	2799913_4	1		
1477322	2145892_14	1		
1477322	3287239_0	2		
1477322	143833_4	1		
1477322	1477322_3	2		
1477322	3282791_24	4	0.2	0.125
1477322	3594006_2	1		
1477322	2517515_4	2		
1477322	3146069_12	1		
1477322	1817847_1	1		
1477322	714612_3	1		
1477322	1404624_3	1		
1477322	3169320_1	2		
1477322	1340574_10	1		
1477322	2804395_3	1		
1477322	1001002_9	1		
1477322	3146069_5	1		
1477322	778164_2	1		
1477322	2443586_4	1		
1477322	3385681_7	1		
1607728	828575_0	2		
1607728	1376686_1	4	0.06666666666666667	0.5
1607728	3326879_1	2		
1607728	2928902_2	4	0.13333333333333333	0.5
1607728	890609_10	1		
1607728	3335912_2	1		
1607728	3924101_2	4	0.2	0.42857142857142855
1607728	2538371_19	2		
1607728	4310997_4	2		
1607728	696864_6	3	0.26666666666666666	0.4
1607728	696864_0	4	0.3333333333333333	0.45454545454545453
1607728	696864_2	2		
1607728	2928902_0	4	0.4	0.46153846153846156
1607728	1410217_6	3	0.4666666666666667	0.5
1607728	2928902_1	3	0.5333333333333333	0.5333333333333333
1607728	1657241_1	3	0.6	0.5625
1607728	3766985_4	1		
1607728	2928902_4	3	0.6666666666666666	0.5555555555555556
1607728	3137439_4	1		
1607728	1657241_0	3	0.7333333333333333	0.55
1607728	2983464_1	4	0.8	0.5714285714285714
1607728	787096_0	1		
1607728	849166_1	1		
1607728	2143814_0	1		
1607728	1058887_3	1		
1607728	1939925_0	2		
1607728	760528_1	1		
1607728	3578681_2	3	0.8666666666666667	0.4642857142857143
1607728	4452618_8	1		
1607728	2180086_3	1		
3971195	3523258_1	1		
3971195	2077480_5	2		
3971195	541095_9	1		
3971195	3818383_3	2		
3971195	3703662_6	2		
3971195	3703662_4	2		
3971195	2273795_6	2		
3971195	4169123_11	1		
3971195	2061424_6	4	0.06666666666666667	0.1111111111111111
3971195	3342197_6	1		
3971195	1652050_4	2		
3971195	2889222_6	1		
3971195	4275012_1	2		
3971195	3971195_19	3	0.13333333333333333	0.14285714285714285
3971195	3703662_10	1		
3971195	3731002_1	2		
3971195	3040519_8	1		
3971195	3040519_6	4	0.2	0.16666666666666666
3971195	3177854_3	1		
3971195	2650608_4	2		
3971195	1391529_10	2		
3971195	3971195_17	4	0.26666666666666666	0.18181818181818182
3971195	1326778_6	2		
3971195	3971195_9	2		
3971195	3971195_21	2		
3971195	1391529_1	2		
3971195	3040519_1	1		
3971195	1166941_1	1		
3971195	3593337_1	1		
3971195	1814059_0	1		
4153592	4225209_3	2		
4153592	1692553_7	1		
4153592	2242228_14	1		
4153592	2095069_13	4	0.0625	0.25
4153592	4153592_3	3	0.125	0.4
4153592	2555569_3	2		
4153592	2213996_1	2		
4153592	4235114_1	1		
4153592	2187852_3	1		
4153592	4225209_6	1		
4153592	4153592_4	4	0.1875	0.2727272727272727
4153592	3731002_2	1		
4153592	539593_0	1		
4153592	3677236_2	1		
4153592	3893653_3	2		
4153592	4153592_1	3	0.25	0.25
4153592	859319_0	1		
4153592	861771_14	1		
4153592	421753_0	1		
4153592	2306533_9	1		
4153592	2003161_2	1		
4153592	4156458_4	1		
4153592	4153592_6	3	0.3125	0.21739130434782608
4153592	2847807_9	1		
4153592	4153592_14	4	0.375	0.24
4153592	2551616_8	1		
4153592	1964316_4	1		
4153592	3202003_1	1		
4153592	4225209_1	2		
4153592	754755_2	4	0.4375	0.23333333333333334
2380990	1727403_9	1		
2380990	3298876_6	2		
2380990	3823488_2	1		
2380990	3858303_10	2		
2380990	2341135_2	1		
2380990	2473920_0	3	0.08333333333333333	0.16666666666666666
2380990	2698803_13	2		
2380990	3763316_3	2		
2380990	2176925_15	1		
2380990	1208784_8	1		
2380990	64350_2	1		
2380990	2658009_1	2		
2380990	494570_0	2		
2380990	2752415_5	3	0.16666666666666666	0.14285714285714285
2380990	769650_2	2		
2380990	3849939_4	2		
2380990	3957422_3	1		
2380990	2380990_12	3	0.25	0.16666666666666666
2380990	4425931_2	2		
2380990	1091202_9	1		
2380990	2383153_2	1		
2380990	3399091_0	2		
2380990	1434104_1	1		
2380990	2380990_10	3	0.3333333333333333	0.16666666666666666
2380990	3993391_4	2		
2380990	472463_17	2		
2380990	3797068_1	1		
2380990	1018877_1	2		
2380990	2380990_2	3	0.4166666666666667	0.1724137931034483
2380990	1595128_0	1		
484496	2226426_2	2		
484496	660744_0	1		
484496	1224652_3	1		
484496	4014661_6	2		
484496	2277341_9	1		
484496	1351142_6	4	0.08333333333333333	0.16666666666666666
484496	2131905_0	1		
484496	2927771_5	1		
484496	3898542_7	1		
484496	2162118_9	2		
484496	2012344_1	2		
484496	823475_0	2		
484496	2462566_8	2		
484496	2182052_0	1		
484496	3547109_9	1		
484496	3261743_13	1		
484496	1522326_2	1		
484496	3883886_0	1		
484496	3782302_0	1		
484496	3838916_1	1		
484496	2175420_5	1		
484496	4269056_8	3	0.16666666666666666	0.09090909090909091
484496	2143798_0	1		
484496	3396068_1	1		
484496	3614733_1	1		
484496	1586363_10	1		
484496	1831048_16	2		
484496	484496_5	4	0.25	0.10714285714285714
484496	1759762_3	1		
484496	4365565_0	1		
1292734	1292734_15	4	0.03333333333333333	1.0
1292734	1292734_21	3	0.06666666666666667	1.0
1292734	2521618_0	2		
1292734	786023_6	2		
1292734	1461052_2	2		
1292734	2155672_0	1		
1292734	219025_2	1		
1292734	420069_3	2		
1292734	2008017_3	1		
1292734	2509689_6	1		
1292734	1502047_1	1		
1292734	3313308_2	1		
1292734	2443586_16	1		
1292734	1292734_4	4	0.1	0.21428571428571427
1292734	2008017_2	1		
1292734	1292734_9	4	0.13333333333333333	0.25
1292734	1383572_1	1		
1292734	312215_3	1		
1292734	248974_2	1		
1292734	2632613_2	4	0.16666666666666666	0.25
1292734	2929480_7	1		
1292734	1292734_12	4	0.2	0.2727272727272727
1292734	1292734_0	4	0.23333333333333334	0.30434782608695654
1292734	2008017_13	1		
1292734	1292734_22	4	0.26666666666666666	0.32
1292734	3042258_0	2		
1292734	1047976_2	1		
1292734	2276319_16	2		
1292734	1244207_6	2		
1292734	1927208_3	1		
3389038	2427314_7	2		
3389038	1990217_5	2		
3389038	3826465_6	3	0.0625	0.3333333333333333
3389038	1249260_3	4	0.125	0.5
3389038	310696_1	2		
3389038	3507491_4	1		
3389038	2668672_13	4	0.1875	0.42857142857142855
3389038	3339774_3	1		
3389038	1310315_0	1		
3389038	439043_5	1		
3389038	3132283_0	2		
3389038	3231697_10	3	0.25	0.3333333333333333
3389038	195839_21	4	0.3125	0.38461538461538464
3389038	1209329_5	2		
3389038	3389038_3	3	0.375	0.4
3389038	524210_4	3	0.4375	0.4375
3389038	3389038_7	4	0.5	0.47058823529411764
3389038	4374602_2	1		
3389038	310696_19	3	0.5625	0.47368421052631576
3389038	3389038_0	4	0.625	0.5
3389038	4120781_0	3	0.6875	0.5238095238095238
3389038	2551845_8	1		
3389038	3574691_5	2		
3389038	2605412_2	2		
3389038	2564912_68	1		
3389038	3389038_9	2		
3389038	3369088_2	1		
3389038	3960708_9	2		
3389038	788976_14	1		
3389038	720074_0	1		
